FID,IID,SEX,y
0,HG00096,1,1
0,HG00097,0,0
0,HG00099,0,0
0,HG00100,0,0
0,HG00101,1,0
0,HG00102,0,0
0,HG00103,1,0
0,HG00105,1,0
0,HG00106,0,1
0,HG00107,1,0
0,HG00108,1,0
0,HG00109,1,0
0,HG00110,0,1
0,HG00111,0,0
0,HG00112,1,0
0,HG00113,1,0
0,HG00114,1,0
0,HG00115,1,0
0,HG00116,1,0
0,HG00117,1,0
0,HG00118,0,0
0,HG00119,1,0
0,HG00120,0,0
0,HG00121,0,0
0,HG00122,0,0
0,HG00123,0,0
0,HG00125,0,1
0,HG00126,1,0
0,HG00127,0,0
0,HG00128,0,0
0,HG00129,1,0
0,HG00130,0,0
0,HG00131,1,0
0,HG00132,0,0
0,HG00133,0,1
0,HG00136,1,0
0,HG00137,0,0
0,HG00138,1,0
0,HG00139,1,0
0,HG00140,1,0
0,HG00141,1,1
0,HG00142,1,0
0,HG00143,1,0
0,HG00145,1,0
0,HG00146,0,0
0,HG00148,1,0
0,HG00149,1,0
0,HG00150,0,0
0,HG00151,1,1
0,HG00154,0,0
0,HG00155,1,0
0,HG00157,1,0
0,HG00158,0,0
0,HG00159,1,0
0,HG00160,1,0
0,HG00171,0,0
0,HG00173,0,1
0,HG00174,0,0
0,HG00176,0,1
0,HG00177,0,0
0,HG00178,0,0
0,HG00179,0,0
0,HG00180,0,0
0,HG00181,1,1
0,HG00182,1,1
0,HG00183,1,0
0,HG00185,1,0
0,HG00186,1,0
0,HG00187,1,1
0,HG00188,1,0
0,HG00189,1,0
0,HG00190,1,1
0,HG00231,0,0
0,HG00232,0,0
0,HG00233,0,0
0,HG00234,1,0
0,HG00235,0,1
0,HG00236,0,1
0,HG00237,0,0
0,HG00238,0,0
0,HG00239,0,0
0,HG00240,0,0
0,HG00242,1,0
0,HG00243,1,1
0,HG00244,1,1
0,HG00245,0,0
0,HG00246,1,0
0,HG00250,0,0
0,HG00251,1,0
0,HG00252,1,0
0,HG00253,0,0
0,HG00254,0,0
0,HG00255,0,0
0,HG00256,1,0
0,HG00257,0,0
0,HG00258,0,0
0,HG00259,0,0
0,HG00260,1,1
0,HG00261,0,1
0,HG00262,0,0
0,HG00263,0,0
0,HG00264,1,0
0,HG00265,1,0
0,HG00266,0,0
0,HG00267,1,0
0,HG00268,0,1
0,HG00269,0,1
0,HG00271,1,0
0,HG00272,0,0
0,HG00273,1,0
0,HG00274,0,0
0,HG00275,0,0
0,HG00276,0,0
0,HG00277,1,0
0,HG00278,1,0
0,HG00280,1,0
0,HG00281,0,0
0,HG00282,0,0
0,HG00284,1,0
0,HG00285,0,1
0,HG00288,0,0
0,HG00290,1,0
0,HG00304,0,0
0,HG00306,0,0
0,HG00308,1,1
0,HG00309,0,0
0,HG00310,1,1
0,HG00311,1,0
0,HG00313,0,0
0,HG00315,0,0
0,HG00318,0,0
0,HG00319,0,1
0,HG00320,0,0
0,HG00321,1,1
0,HG00323,0,0
0,HG00324,0,0
0,HG00325,1,1
0,HG00326,0,0
0,HG00327,0,1
0,HG00328,0,0
0,HG00329,1,0
0,HG00330,0,0
0,HG00331,0,0
0,HG00332,0,0
0,HG00334,0,1
0,HG00335,1,0
0,HG00336,1,0
0,HG00337,0,1
0,HG00338,1,0
0,HG00339,0,0
0,HG00341,1,0
0,HG00342,1,0
0,HG00343,0,0
0,HG00344,0,0
0,HG00345,1,1
0,HG00346,0,0
0,HG00349,0,1
0,HG00350,0,0
0,HG00351,1,0
0,HG00353,0,0
0,HG00355,0,0
0,HG00356,0,0
0,HG00357,0,0
0,HG00358,1,0
0,HG00360,1,0
0,HG00361,0,1
0,HG00362,0,0
0,HG00364,0,1
0,HG00365,0,0
0,HG00366,1,0
0,HG00367,0,0
0,HG00368,0,0
0,HG00369,1,1
0,HG00371,1,1
0,HG00372,1,0
0,HG00373,0,0
0,HG00375,1,1
0,HG00376,0,1
0,HG00378,0,1
0,HG00379,0,0
0,HG00380,0,1
0,HG00381,0,0
0,HG00382,1,0
0,HG00383,0,0
0,HG00384,0,0
0,HG00403,1,0
0,HG00404,0,0
0,HG00406,1,1
0,HG00407,0,1
0,HG00409,1,1
0,HG00410,0,0
0,HG00419,0,0
0,HG00421,1,0
0,HG00422,0,0
0,HG00428,0,0
0,HG00436,1,0
0,HG00437,0,1
0,HG00442,1,1
0,HG00443,0,0
0,HG00445,1,0
0,HG00446,0,1
0,HG00448,1,0
0,HG00449,0,1
0,HG00451,1,0
0,HG00452,0,0
0,HG00457,1,0
0,HG00458,0,1
0,HG00463,1,1
0,HG00464,0,0
0,HG00472,1,1
0,HG00473,0,0
0,HG00475,1,1
0,HG00476,0,0
0,HG00478,1,0
0,HG00479,0,1
0,HG00500,1,1
0,HG00513,0,0
0,HG00524,1,1
0,HG00525,0,1
0,HG00530,1,0
0,HG00531,0,1
0,HG00533,1,0
0,HG00534,0,1
0,HG00536,1,1
0,HG00537,0,1
0,HG00542,1,1
0,HG00543,0,1
0,HG00551,0,1
0,HG00553,1,1
0,HG00554,0,0
0,HG00556,1,1
0,HG00557,0,1
0,HG00559,1,1
0,HG00560,0,0
0,HG00565,1,1
0,HG00566,0,0
0,HG00580,1,0
0,HG00581,0,0
0,HG00583,1,0
0,HG00584,0,1
0,HG00589,1,1
0,HG00590,0,1
0,HG00592,1,0
0,HG00593,0,1
0,HG00595,1,1
0,HG00596,0,0
0,HG00598,1,1
0,HG00599,0,1
0,HG00607,1,1
0,HG00608,0,0
0,HG00610,1,1
0,HG00611,0,0
0,HG00613,1,0
0,HG00614,0,1
0,HG00619,1,1
0,HG00620,0,1
0,HG00622,1,0
0,HG00623,0,1
0,HG00625,1,1
0,HG00626,0,0
0,HG00628,1,1
0,HG00629,0,0
0,HG00631,1,1
0,HG00632,0,0
0,HG00634,1,0
0,HG00637,1,1
0,HG00638,0,0
0,HG00640,1,0
0,HG00641,0,0
0,HG00650,1,0
0,HG00651,0,1
0,HG00653,1,0
0,HG00654,0,1
0,HG00656,1,1
0,HG00657,0,1
0,HG00662,1,1
0,HG00663,0,1
0,HG00671,1,0
0,HG00672,0,0
0,HG00674,1,0
0,HG00675,0,0
0,HG00683,1,0
0,HG00684,0,0
0,HG00689,1,0
0,HG00690,0,1
0,HG00692,1,1
0,HG00693,0,0
0,HG00698,1,0
0,HG00699,0,1
0,HG00701,1,1
0,HG00704,1,0
0,HG00705,0,1
0,HG00707,1,1
0,HG00708,0,0
0,HG00717,0,0
0,HG00728,1,0
0,HG00729,0,1
0,HG00731,1,0
0,HG00732,0,1
0,HG00734,0,0
0,HG00736,1,0
0,HG00737,0,1
0,HG00739,1,0
0,HG00740,0,0
0,HG00742,1,1
0,HG00743,0,0
0,HG00759,0,1
0,HG00766,0,0
0,HG00844,1,0
0,HG00851,0,0
0,HG00864,0,0
0,HG00867,0,0
0,HG00879,0,0
0,HG00881,1,0
0,HG00956,0,1
0,HG00978,0,1
0,HG00982,1,0
0,HG01028,1,1
0,HG01029,0,0
0,HG01031,1,1
0,HG01046,0,1
0,HG01047,1,0
0,HG01048,1,0
0,HG01049,0,1
0,HG01051,1,0
0,HG01052,0,1
0,HG01054,1,0
0,HG01055,0,0
0,HG01058,0,0
0,HG01060,1,1
0,HG01061,0,0
0,HG01063,1,0
0,HG01064,0,0
0,HG01066,1,0
0,HG01067,0,0
0,HG01069,1,0
0,HG01070,0,0
0,HG01072,1,0
0,HG01073,0,1
0,HG01075,1,1
0,HG01077,0,1
0,HG01079,1,0
0,HG01080,0,1
0,HG01082,1,0
0,HG01083,0,0
0,HG01085,1,1
0,HG01086,0,0
0,HG01088,1,1
0,HG01089,0,1
0,HG01092,0,0
0,HG01094,1,0
0,HG01095,0,1
0,HG01097,1,1
0,HG01098,0,1
0,HG01101,1,0
0,HG01102,0,0
0,HG01104,1,0
0,HG01105,0,1
0,HG01107,1,1
0,HG01108,0,0
0,HG01110,1,0
0,HG01111,0,0
0,HG01112,1,0
0,HG01113,0,0
0,HG01119,0,1
0,HG01121,1,1
0,HG01122,0,1
0,HG01124,1,1
0,HG01125,0,0
0,HG01130,1,0
0,HG01131,0,0
0,HG01133,1,0
0,HG01134,0,1
0,HG01136,1,0
0,HG01137,0,1
0,HG01139,1,0
0,HG01140,0,1
0,HG01142,1,0
0,HG01148,1,1
0,HG01149,0,0
0,HG01161,1,0
0,HG01162,0,0
0,HG01164,1,0
0,HG01167,1,0
0,HG01168,0,0
0,HG01170,1,1
0,HG01171,0,0
0,HG01173,1,0
0,HG01174,0,0
0,HG01176,1,0
0,HG01177,0,0
0,HG01182,1,0
0,HG01183,0,0
0,HG01187,1,0
0,HG01188,0,0
0,HG01190,1,1
0,HG01191,0,0
0,HG01197,1,0
0,HG01198,0,1
0,HG01200,1,0
0,HG01204,1,1
0,HG01205,0,0
0,HG01241,1,0
0,HG01242,0,0
0,HG01247,1,0
0,HG01248,0,0
0,HG01250,1,0
0,HG01251,0,0
0,HG01253,1,0
0,HG01254,0,1
0,HG01256,1,0
0,HG01257,0,0
0,HG01259,1,0
0,HG01260,0,1
0,HG01269,0,0
0,HG01271,1,0
0,HG01272,0,0
0,HG01275,0,1
0,HG01277,1,0
0,HG01280,1,0
0,HG01281,0,0
0,HG01284,0,0
0,HG01286,1,0
0,HG01302,1,0
0,HG01303,0,0
0,HG01305,1,0
0,HG01308,1,1
0,HG01311,1,0
0,HG01312,0,1
0,HG01323,0,0
0,HG01325,1,0
0,HG01326,0,0
0,HG01334,1,0
0,HG01341,1,0
0,HG01342,0,1
0,HG01344,1,1
0,HG01345,0,0
0,HG01348,0,0
0,HG01350,1,1
0,HG01351,0,1
0,HG01353,1,0
0,HG01354,0,0
0,HG01356,1,0
0,HG01357,0,0
0,HG01359,1,0
0,HG01360,0,1
0,HG01362,1,0
0,HG01363,0,1
0,HG01365,1,0
0,HG01366,0,0
0,HG01369,0,0
0,HG01372,0,1
0,HG01374,1,0
0,HG01375,0,0
0,HG01377,1,0
0,HG01378,0,0
0,HG01383,1,0
0,HG01384,0,0
0,HG01389,1,0
0,HG01390,0,1
0,HG01392,1,0
0,HG01393,0,0
0,HG01395,1,0
0,HG01396,0,0
0,HG01398,1,0
0,HG01402,1,1
0,HG01403,0,0
0,HG01405,1,0
0,HG01412,1,0
0,HG01413,1,0
0,HG01414,0,0
0,HG01431,1,1
0,HG01432,0,1
0,HG01435,0,1
0,HG01437,1,1
0,HG01438,0,1
0,HG01440,1,0
0,HG01441,0,0
0,HG01443,1,0
0,HG01444,0,1
0,HG01447,0,0
0,HG01455,1,0
0,HG01456,0,1
0,HG01459,0,0
0,HG01461,1,0
0,HG01462,0,0
0,HG01464,1,1
0,HG01465,0,0
0,HG01468,0,0
0,HG01474,0,0
0,HG01479,1,1
0,HG01485,1,0
0,HG01486,0,1
0,HG01488,1,0
0,HG01489,0,1
0,HG01491,1,1
0,HG01492,0,0
0,HG01494,1,0
0,HG01495,0,0
0,HG01497,1,1
0,HG01498,0,0
0,HG01500,1,0
0,HG01501,0,0
0,HG01503,1,0
0,HG01504,0,0
0,HG01506,1,0
0,HG01507,0,1
0,HG01509,1,0
0,HG01510,0,0
0,HG01512,1,0
0,HG01513,0,0
0,HG01515,1,0
0,HG01516,0,0
0,HG01518,1,1
0,HG01519,0,0
0,HG01521,1,1
0,HG01522,0,1
0,HG01524,1,0
0,HG01525,0,0
0,HG01527,1,1
0,HG01528,0,0
0,HG01530,1,0
0,HG01531,0,0
0,HG01536,1,0
0,HG01537,0,0
0,HG01550,1,1
0,HG01551,0,0
0,HG01556,1,1
0,HG01565,1,0
0,HG01566,0,0
0,HG01571,1,0
0,HG01572,0,1
0,HG01577,1,1
0,HG01578,0,0
0,HG01583,1,1
0,HG01586,1,0
0,HG01589,1,0
0,HG01593,0,0
0,HG01595,0,0
0,HG01596,1,1
0,HG01597,0,0
0,HG01598,0,1
0,HG01599,0,1
0,HG01600,0,0
0,HG01602,0,0
0,HG01603,1,0
0,HG01605,0,0
0,HG01606,1,0
0,HG01607,0,0
0,HG01608,1,1
0,HG01610,1,1
0,HG01612,0,0
0,HG01613,0,1
0,HG01615,1,0
0,HG01617,1,0
0,HG01618,0,0
0,HG01619,1,1
0,HG01620,0,0
0,HG01623,0,1
0,HG01624,1,0
0,HG01625,1,1
0,HG01626,0,0
0,HG01628,0,0
0,HG01630,1,1
0,HG01631,1,0
0,HG01632,0,0
0,HG01668,0,0
0,HG01669,1,1
0,HG01670,0,0
0,HG01672,1,0
0,HG01673,0,1
0,HG01675,1,0
0,HG01676,0,0
0,HG01678,1,0
0,HG01679,0,0
0,HG01680,1,1
0,HG01682,1,0
0,HG01684,0,1
0,HG01685,0,0
0,HG01686,1,0
0,HG01694,1,0
0,HG01695,0,0
0,HG01697,0,0
0,HG01699,1,0
0,HG01700,1,0
0,HG01702,0,0
0,HG01704,0,0
0,HG01705,1,0
0,HG01707,0,0
0,HG01708,1,0
0,HG01709,1,0
0,HG01710,0,0
0,HG01746,0,0
0,HG01747,1,0
0,HG01756,1,0
0,HG01757,0,0
0,HG01761,1,0
0,HG01762,0,0
0,HG01765,1,0
0,HG01766,0,1
0,HG01767,1,1
0,HG01768,0,0
0,HG01770,0,0
0,HG01771,1,0
0,HG01773,0,0
0,HG01775,1,0
0,HG01776,0,0
0,HG01777,1,0
0,HG01779,0,0
0,HG01781,1,0
0,HG01783,1,1
0,HG01784,0,1
0,HG01785,1,0
0,HG01786,0,1
0,HG01789,1,0
0,HG01790,0,1
0,HG01791,1,1
0,HG01794,0,1
0,HG01795,0,1
0,HG01796,0,0
0,HG01797,0,1
0,HG01798,0,1
0,HG01799,0,0
0,HG01800,0,1
0,HG01801,0,1
0,HG01802,0,0
0,HG01804,0,0
0,HG01805,0,0
0,HG01806,0,0
0,HG01807,0,0
0,HG01808,0,0
0,HG01809,0,0
0,HG01810,1,1
0,HG01811,1,0
0,HG01812,0,0
0,HG01813,0,1
0,HG01815,0,1
0,HG01816,1,1
0,HG01817,0,1
0,HG01840,1,1
0,HG01841,0,1
0,HG01842,1,1
0,HG01843,0,1
0,HG01844,1,1
0,HG01845,0,0
0,HG01846,1,0
0,HG01847,0,1
0,HG01848,0,1
0,HG01849,1,0
0,HG01850,0,1
0,HG01851,0,1
0,HG01852,1,1
0,HG01853,0,0
0,HG01855,0,0
0,HG01857,0,0
0,HG01858,0,0
0,HG01859,0,0
0,HG01860,1,1
0,HG01861,1,0
0,HG01862,0,1
0,HG01863,0,0
0,HG01864,1,0
0,HG01865,1,0
0,HG01866,1,0
0,HG01867,1,1
0,HG01868,0,0
0,HG01869,0,0
0,HG01870,0,0
0,HG01871,0,0
0,HG01872,1,0
0,HG01873,1,1
0,HG01874,0,0
0,HG01878,0,1
0,HG01879,1,0
0,HG01880,0,0
0,HG01882,1,0
0,HG01883,0,1
0,HG01885,1,0
0,HG01886,0,0
0,HG01889,0,1
0,HG01890,1,0
0,HG01892,1,0
0,HG01893,0,1
0,HG01894,0,0
0,HG01896,0,0
0,HG01912,1,0
0,HG01914,1,1
0,HG01915,0,0
0,HG01917,1,1
0,HG01918,0,0
0,HG01920,1,1
0,HG01921,0,0
0,HG01923,1,1
0,HG01924,0,1
0,HG01926,1,1
0,HG01927,0,1
0,HG01932,1,0
0,HG01933,0,0
0,HG01935,1,0
0,HG01936,0,0
0,HG01938,1,1
0,HG01939,0,0
0,HG01941,1,1
0,HG01942,0,1
0,HG01944,1,1
0,HG01945,0,1
0,HG01947,1,0
0,HG01948,0,0
0,HG01950,1,1
0,HG01951,0,0
0,HG01953,1,0
0,HG01954,0,1
0,HG01956,0,0
0,HG01958,0,0
0,HG01961,1,0
0,HG01965,0,0
0,HG01967,1,0
0,HG01968,0,0
0,HG01970,1,0
0,HG01971,0,0
0,HG01973,0,0
0,HG01974,1,1
0,HG01976,0,0
0,HG01977,1,1
0,HG01979,1,0
0,HG01980,0,0
0,HG01982,1,0
0,HG01985,0,0
0,HG01986,1,0
0,HG01988,1,1
0,HG01989,0,0
0,HG01990,1,0
0,HG01991,1,0
0,HG01992,0,1
0,HG01997,0,0
0,HG02002,1,0
0,HG02003,0,1
0,HG02006,0,1
0,HG02008,1,0
0,HG02009,1,0
0,HG02010,0,0
0,HG02012,0,0
0,HG02013,1,1
0,HG02014,1,0
0,HG02016,0,1
0,HG02017,1,1
0,HG02019,0,0
0,HG02020,1,1
0,HG02023,1,0
0,HG02025,0,1
0,HG02026,1,1
0,HG02028,0,0
0,HG02029,1,0
0,HG02031,0,1
0,HG02032,1,0
0,HG02035,1,1
0,HG02040,1,0
0,HG02047,1,0
0,HG02048,0,1
0,HG02049,0,1
0,HG02050,1,1
0,HG02051,1,0
0,HG02052,0,0
0,HG02053,1,0
0,HG02054,0,1
0,HG02057,0,0
0,HG02058,1,1
0,HG02060,0,1
0,HG02061,1,1
0,HG02064,1,1
0,HG02067,1,0
0,HG02069,0,1
0,HG02070,1,1
0,HG02072,0,1
0,HG02073,1,0
0,HG02075,0,0
0,HG02076,1,0
0,HG02078,0,1
0,HG02079,1,1
0,HG02081,0,0
0,HG02082,1,1
0,HG02084,0,0
0,HG02085,1,1
0,HG02086,0,1
0,HG02087,0,0
0,HG02088,1,1
0,HG02089,0,0
0,HG02090,1,0
0,HG02095,0,0
0,HG02102,0,0
0,HG02104,1,0
0,HG02105,0,1
0,HG02107,1,0
0,HG02108,0,0
0,HG02111,0,0
0,HG02113,0,0
0,HG02116,1,0
0,HG02121,0,1
0,HG02122,1,1
0,HG02127,0,1
0,HG02128,1,1
0,HG02130,0,0
0,HG02131,1,1
0,HG02133,0,1
0,HG02134,1,0
0,HG02136,0,0
0,HG02137,1,0
0,HG02138,1,0
0,HG02139,0,1
0,HG02140,0,1
0,HG02141,1,1
0,HG02142,0,1
0,HG02143,1,1
0,HG02144,0,0
0,HG02146,1,0
0,HG02147,0,0
0,HG02150,1,0
0,HG02151,0,0
0,HG02152,0,0
0,HG02153,0,0
0,HG02154,0,0
0,HG02155,0,1
0,HG02156,0,0
0,HG02164,0,1
0,HG02165,0,0
0,HG02166,0,1
0,HG02178,0,0
0,HG02179,0,0
0,HG02180,0,1
0,HG02181,0,1
0,HG02182,0,1
0,HG02184,0,0
0,HG02185,0,0
0,HG02186,0,1
0,HG02187,0,0
0,HG02188,0,0
0,HG02190,0,0
0,HG02215,0,0
0,HG02219,1,1
0,HG02220,0,0
0,HG02221,1,0
0,HG02223,0,0
0,HG02224,1,1
0,HG02230,0,0
0,HG02231,1,0
0,HG02232,0,0
0,HG02233,1,0
0,HG02235,0,1
0,HG02236,1,0
0,HG02238,1,0
0,HG02239,0,0
0,HG02250,1,0
0,HG02252,0,1
0,HG02253,1,1
0,HG02255,1,1
0,HG02256,0,0
0,HG02259,1,0
0,HG02260,0,1
0,HG02262,1,0
0,HG02265,1,1
0,HG02266,0,1
0,HG02271,1,0
0,HG02272,0,1
0,HG02274,1,0
0,HG02275,0,1
0,HG02277,1,0
0,HG02278,0,1
0,HG02281,1,0
0,HG02282,0,0
0,HG02283,1,0
0,HG02284,1,0
0,HG02285,1,0
0,HG02286,0,1
0,HG02291,1,1
0,HG02292,0,1
0,HG02298,0,1
0,HG02299,1,0
0,HG02301,0,0
0,HG02304,1,1
0,HG02307,1,0
0,HG02308,0,1
0,HG02309,0,0
0,HG02312,0,0
0,HG02314,1,0
0,HG02315,0,0
0,HG02317,1,0
0,HG02318,0,0
0,HG02322,0,1
0,HG02323,1,1
0,HG02325,0,0
0,HG02330,1,1
0,HG02332,1,0
0,HG02334,1,0
0,HG02337,0,0
0,HG02339,0,1
0,HG02343,1,0
0,HG02345,0,1
0,HG02348,0,0
0,HG02351,1,0
0,HG02353,1,0
0,HG02355,1,0
0,HG02356,1,1
0,HG02360,1,0
0,HG02364,1,1
0,HG02367,1,0
0,HG02371,1,0
0,HG02373,1,0
0,HG02374,1,1
0,HG02375,1,0
0,HG02379,1,0
0,HG02380,1,1
0,HG02382,1,1
0,HG02383,1,0
0,HG02384,1,1
0,HG02385,1,0
0,HG02386,1,0
0,HG02389,1,1
0,HG02390,1,1
0,HG02391,1,0
0,HG02392,1,0
0,HG02394,1,0
0,HG02395,1,1
0,HG02396,1,0
0,HG02397,1,1
0,HG02398,1,0
0,HG02399,1,1
0,HG02401,1,0
0,HG02402,1,1
0,HG02406,1,1
0,HG02407,1,0
0,HG02408,1,0
0,HG02409,1,1
0,HG02410,1,0
0,HG02419,0,1
0,HG02420,1,0
0,HG02425,0,0
0,HG02427,0,0
0,HG02429,1,1
0,HG02433,1,0
0,HG02439,1,0
0,HG02442,1,0
0,HG02445,1,1
0,HG02449,1,0
0,HG02450,0,0
0,HG02455,1,1
0,HG02461,1,1
0,HG02462,0,0
0,HG02464,1,0
0,HG02465,0,0
0,HG02470,1,0
0,HG02471,0,0
0,HG02476,0,0
0,HG02477,0,0
0,HG02479,0,1
0,HG02481,1,0
0,HG02484,1,0
0,HG02485,0,1
0,HG02489,1,0
0,HG02490,1,1
0,HG02491,0,1
0,HG02493,1,0
0,HG02494,0,0
0,HG02496,1,0
0,HG02497,0,1
0,HG02501,1,0
0,HG02502,0,0
0,HG02505,0,1
0,HG02508,0,0
0,HG02511,0,0
0,HG02512,1,0
0,HG02513,0,1
0,HG02521,1,1
0,HG02522,0,1
0,HG02536,1,1
0,HG02537,0,0
0,HG02541,1,0
0,HG02545,1,0
0,HG02546,0,1
0,HG02549,0,0
0,HG02554,1,0
0,HG02555,0,0
0,HG02557,1,0
0,HG02558,0,0
0,HG02561,1,1
0,HG02562,0,0
0,HG02568,0,0
0,HG02570,1,0
0,HG02571,0,0
0,HG02573,1,1
0,HG02574,0,0
0,HG02577,0,1
0,HG02580,0,1
0,HG02582,1,1
0,HG02583,0,0
0,HG02585,1,1
0,HG02586,0,0
0,HG02588,1,0
0,HG02589,0,0
0,HG02594,1,0
0,HG02595,0,0
0,HG02597,1,0
0,HG02600,1,1
0,HG02601,0,0
0,HG02603,1,0
0,HG02604,0,0
0,HG02610,1,0
0,HG02611,0,1
0,HG02613,1,1
0,HG02614,0,0
0,HG02620,1,0
0,HG02621,0,0
0,HG02623,1,0
0,HG02624,0,1
0,HG02628,1,0
0,HG02629,0,0
0,HG02634,1,1
0,HG02635,0,0
0,HG02642,1,0
0,HG02643,0,0
0,HG02645,1,0
0,HG02646,0,0
0,HG02648,1,0
0,HG02649,0,0
0,HG02651,1,1
0,HG02652,0,0
0,HG02654,1,0
0,HG02655,0,0
0,HG02657,1,0
0,HG02658,0,0
0,HG02660,1,1
0,HG02661,0,1
0,HG02666,1,0
0,HG02667,0,0
0,HG02675,1,0
0,HG02676,0,1
0,HG02678,1,0
0,HG02679,0,1
0,HG02681,1,0
0,HG02682,0,0
0,HG02684,1,0
0,HG02685,0,0
0,HG02687,1,0
0,HG02688,0,1
0,HG02690,1,0
0,HG02691,0,0
0,HG02694,0,0
0,HG02696,1,0
0,HG02697,0,0
0,HG02699,1,0
0,HG02700,0,0
0,HG02702,1,0
0,HG02703,0,1
0,HG02715,1,0
0,HG02716,0,1
0,HG02721,1,0
0,HG02722,0,0
0,HG02724,1,0
0,HG02725,0,0
0,HG02727,1,0
0,HG02728,0,0
0,HG02731,0,0
0,HG02733,1,0
0,HG02734,0,0
0,HG02736,1,0
0,HG02737,0,0
0,HG02756,1,1
0,HG02757,0,0
0,HG02759,1,1
0,HG02760,0,1
0,HG02763,0,0
0,HG02768,1,0
0,HG02769,0,0
0,HG02771,1,0
0,HG02772,0,0
0,HG02774,1,1
0,HG02775,0,1
0,HG02778,0,1
0,HG02780,1,1
0,HG02783,1,0
0,HG02784,0,0
0,HG02786,1,0
0,HG02787,0,0
0,HG02789,1,0
0,HG02790,0,0
0,HG02792,1,0
0,HG02793,0,1
0,HG02798,1,0
0,HG02799,0,0
0,HG02804,1,1
0,HG02805,0,0
0,HG02807,1,0
0,HG02808,0,0
0,HG02810,1,0
0,HG02811,0,0
0,HG02813,1,0
0,HG02814,0,0
0,HG02816,1,0
0,HG02817,0,0
0,HG02819,1,1
0,HG02820,0,0
0,HG02836,1,0
0,HG02837,0,0
0,HG02839,1,0
0,HG02840,0,0
0,HG02851,1,0
0,HG02852,0,1
0,HG02854,1,1
0,HG02855,0,0
0,HG02860,1,1
0,HG02861,0,0
0,HG02870,0,1
0,HG02878,1,1
0,HG02879,0,0
0,HG02881,1,1
0,HG02882,0,0
0,HG02884,1,1
0,HG02885,0,0
0,HG02887,1,1
0,HG02888,0,1
0,HG02890,1,0
0,HG02891,0,0
0,HG02895,1,1
0,HG02896,0,0
0,HG02922,0,0
0,HG02923,1,1
0,HG02938,1,0
0,HG02941,1,0
0,HG02943,0,0
0,HG02944,1,0
0,HG02946,0,0
0,HG02947,1,0
0,HG02952,0,0
0,HG02953,1,0
0,HG02968,1,0
0,HG02970,0,0
0,HG02971,1,0
0,HG02973,1,0
0,HG02974,0,0
0,HG02976,0,0
0,HG02977,1,0
0,HG02979,0,0
0,HG02981,1,1
0,HG02982,1,1
0,HG02983,0,1
0,HG03006,1,1
0,HG03007,0,1
0,HG03009,1,0
0,HG03012,1,0
0,HG03015,1,1
0,HG03016,0,1
0,HG03018,1,0
0,HG03019,0,0
0,HG03021,1,0
0,HG03022,0,0
0,HG03024,1,0
0,HG03025,0,0
0,HG03027,1,0
0,HG03028,0,0
0,HG03039,1,0
0,HG03040,0,0
0,HG03045,1,1
0,HG03046,0,0
0,HG03048,1,0
0,HG03049,0,0
0,HG03052,0,1
0,HG03054,1,0
0,HG03055,0,1
0,HG03057,1,1
0,HG03058,0,0
0,HG03060,1,0
0,HG03061,0,1
0,HG03063,1,1
0,HG03064,0,0
0,HG03066,1,0
0,HG03069,1,0
0,HG03072,1,0
0,HG03073,0,0
0,HG03074,1,0
0,HG03077,1,1
0,HG03078,1,0
0,HG03079,0,0
0,HG03081,1,0
0,HG03082,0,0
0,HG03084,1,0
0,HG03085,0,0
0,HG03086,0,0
0,HG03088,0,1
0,HG03091,0,1
0,HG03095,0,0
0,HG03096,1,0
0,HG03097,0,0
0,HG03099,0,0
0,HG03100,1,1
0,HG03103,1,0
0,HG03105,0,1
0,HG03108,0,0
0,HG03109,1,0
0,HG03111,0,0
0,HG03112,1,0
0,HG03114,0,1
0,HG03115,1,1
0,HG03117,0,0
0,HG03118,1,0
0,HG03120,1,1
0,HG03121,0,0
0,HG03123,0,0
0,HG03124,1,0
0,HG03126,0,0
0,HG03127,1,0
0,HG03129,0,0
0,HG03130,1,0
0,HG03132,0,1
0,HG03133,1,0
0,HG03135,0,1
0,HG03136,1,1
0,HG03139,1,0
0,HG03157,1,0
0,HG03159,0,0
0,HG03160,1,0
0,HG03162,0,0
0,HG03163,1,1
0,HG03166,1,0
0,HG03168,0,1
0,HG03169,1,1
0,HG03172,1,1
0,HG03175,1,0
0,HG03189,0,0
0,HG03190,1,0
0,HG03193,1,1
0,HG03195,0,0
0,HG03196,1,0
0,HG03198,0,0
0,HG03199,1,0
0,HG03202,1,0
0,HG03209,1,0
0,HG03212,0,1
0,HG03224,1,0
0,HG03225,1,1
0,HG03228,1,0
0,HG03229,0,1
0,HG03234,1,1
0,HG03235,0,1
0,HG03237,1,1
0,HG03238,0,1
0,HG03240,1,0
0,HG03241,0,1
0,HG03246,1,0
0,HG03247,0,1
0,HG03258,1,0
0,HG03259,0,0
0,HG03265,1,0
0,HG03267,0,0
0,HG03268,1,0
0,HG03270,0,0
0,HG03271,1,0
0,HG03279,0,1
0,HG03280,1,0
0,HG03291,0,0
0,HG03294,0,0
0,HG03295,1,1
0,HG03297,0,0
0,HG03298,1,0
0,HG03300,0,0
0,HG03301,1,0
0,HG03303,0,0
0,HG03304,1,1
0,HG03311,1,0
0,HG03313,1,1
0,HG03342,0,0
0,HG03343,1,0
0,HG03351,0,1
0,HG03352,1,0
0,HG03354,0,0
0,HG03363,0,0
0,HG03366,0,0
0,HG03367,1,0
0,HG03369,0,0
0,HG03370,1,1
0,HG03372,0,0
0,HG03376,1,0
0,HG03378,0,0
0,HG03380,0,0
0,HG03382,1,1
0,HG03385,1,0
0,HG03388,1,0
0,HG03391,1,0
0,HG03394,1,0
0,HG03397,1,0
0,HG03401,0,0
0,HG03410,0,1
0,HG03419,0,0
0,HG03428,0,1
0,HG03432,1,0
0,HG03433,1,0
0,HG03436,1,0
0,HG03437,0,1
0,HG03439,1,1
0,HG03442,1,1
0,HG03445,1,0
0,HG03446,0,0
0,HG03449,0,1
0,HG03451,1,0
0,HG03452,0,0
0,HG03455,0,1
0,HG03457,1,1
0,HG03458,0,0
0,HG03460,1,1
0,HG03461,0,1
0,HG03464,0,1
0,HG03469,1,0
0,HG03470,0,1
0,HG03472,1,0
0,HG03473,0,0
0,HG03476,0,0
0,HG03478,1,0
0,HG03479,0,0
0,HG03484,1,0
0,HG03485,0,1
0,HG03488,0,0
0,HG03490,1,0
0,HG03491,0,1
0,HG03499,0,1
0,HG03511,0,0
0,HG03514,0,0
0,HG03515,1,0
0,HG03517,0,0
0,HG03518,1,0
0,HG03520,0,0
0,HG03521,1,1
0,HG03538,1,1
0,HG03539,0,0
0,HG03547,1,0
0,HG03548,0,0
0,HG03556,1,0
0,HG03557,0,0
0,HG03558,0,1
0,HG03559,1,0
0,HG03563,0,1
0,HG03565,1,0
0,HG03567,0,1
0,HG03571,1,0
0,HG03572,0,0
0,HG03575,0,0
0,HG03577,1,0
0,HG03578,0,0
0,HG03583,0,0
0,HG03585,1,0
0,HG03589,0,0
0,HG03593,1,0
0,HG03594,1,1
0,HG03595,0,1
0,HG03598,0,1
0,HG03600,1,1
0,HG03603,1,1
0,HG03604,0,0
0,HG03607,0,1
0,HG03611,0,0
0,HG03615,1,1
0,HG03616,0,0
0,HG03619,0,0
0,HG03624,1,0
0,HG03625,0,0
0,HG03629,1,1
0,HG03631,0,0
0,HG03634,0,0
0,HG03636,1,0
0,HG03640,0,0
0,HG03642,0,0
0,HG03643,0,1
0,HG03644,1,0
0,HG03645,0,0
0,HG03646,1,0
0,HG03649,1,1
0,HG03652,1,0
0,HG03653,0,0
0,HG03660,1,0
0,HG03663,1,0
0,HG03667,1,1
0,HG03668,0,0
0,HG03672,1,1
0,HG03673,0,0
0,HG03679,1,0
0,HG03680,1,0
0,HG03681,1,1
0,HG03684,0,0
0,HG03685,1,0
0,HG03686,1,0
0,HG03687,1,0
0,HG03689,0,0
0,HG03690,0,0
0,HG03691,1,0
0,HG03692,0,0
0,HG03693,1,1
0,HG03694,1,0
0,HG03695,1,0
0,HG03696,1,0
0,HG03697,1,1
0,HG03698,0,1
0,HG03702,1,0
0,HG03703,0,0
0,HG03705,1,0
0,HG03706,0,1
0,HG03708,1,0
0,HG03709,0,0
0,HG03711,1,0
0,HG03713,1,1
0,HG03714,0,0
0,HG03716,1,0
0,HG03717,0,1
0,HG03718,1,1
0,HG03720,1,0
0,HG03722,0,1
0,HG03727,1,0
0,HG03729,1,1
0,HG03730,0,1
0,HG03731,0,0
0,HG03733,0,1
0,HG03736,0,1
0,HG03738,1,0
0,HG03740,1,0
0,HG03741,0,0
0,HG03742,1,0
0,HG03743,1,0
0,HG03744,1,0
0,HG03745,1,1
0,HG03746,1,0
0,HG03750,1,0
0,HG03752,0,0
0,HG03753,1,0
0,HG03754,0,0
0,HG03755,1,0
0,HG03756,0,0
0,HG03757,0,1
0,HG03760,0,0
0,HG03762,0,1
0,HG03765,0,0
0,HG03767,1,0
0,HG03770,0,1
0,HG03771,1,1
0,HG03772,0,1
0,HG03773,1,1
0,HG03774,0,1
0,HG03775,1,0
0,HG03777,1,0
0,HG03778,1,0
0,HG03779,1,1
0,HG03780,0,0
0,HG03781,0,0
0,HG03782,0,0
0,HG03784,0,1
0,HG03785,1,0
0,HG03786,1,1
0,HG03787,0,0
0,HG03788,1,1
0,HG03789,0,0
0,HG03790,1,1
0,HG03792,1,0
0,HG03793,0,0
0,HG03796,0,0
0,HG03800,1,0
0,HG03802,0,0
0,HG03803,1,0
0,HG03805,0,0
0,HG03808,0,0
0,HG03809,1,0
0,HG03812,1,1
0,HG03814,0,0
0,HG03815,1,0
0,HG03817,0,1
0,HG03821,1,0
0,HG03823,0,1
0,HG03824,1,0
0,HG03826,0,0
0,HG03829,0,0
0,HG03830,1,1
0,HG03832,0,1
0,HG03833,1,1
0,HG03836,0,0
0,HG03837,1,0
0,HG03838,0,0
0,HG03844,1,0
0,HG03846,1,0
0,HG03848,1,1
0,HG03849,0,0
0,HG03850,1,0
0,HG03851,1,0
0,HG03854,1,0
0,HG03856,1,1
0,HG03857,0,1
0,HG03858,0,0
0,HG03861,0,0
0,HG03862,0,0
0,HG03863,0,1
0,HG03864,1,0
0,HG03866,1,1
0,HG03867,1,0
0,HG03868,0,0
0,HG03869,1,0
0,HG03870,1,0
0,HG03871,1,1
0,HG03872,1,1
0,HG03873,0,0
0,HG03874,0,0
0,HG03875,1,0
0,HG03882,0,0
0,HG03884,0,0
0,HG03885,1,0
0,HG03886,0,0
0,HG03887,1,0
0,HG03888,0,1
0,HG03890,1,1
0,HG03894,0,0
0,HG03895,0,0
0,HG03896,1,1
0,HG03897,0,1
0,HG03898,0,0
0,HG03899,1,1
0,HG03900,1,0
0,HG03902,1,1
0,HG03905,1,0
0,HG03907,0,1
0,HG03908,1,0
0,HG03910,0,0
0,HG03911,1,0
0,HG03913,0,1
0,HG03914,1,0
0,HG03916,0,0
0,HG03917,1,0
0,HG03919,0,0
0,HG03920,1,0
0,HG03922,0,0
0,HG03925,0,0
0,HG03926,1,0
0,HG03928,0,0
0,HG03931,0,1
0,HG03934,0,0
0,HG03937,0,0
0,HG03940,0,1
0,HG03941,1,0
0,HG03943,1,0
0,HG03944,0,0
0,HG03945,0,0
0,HG03947,0,0
0,HG03949,0,0
0,HG03950,1,1
0,HG03951,0,1
0,HG03953,1,0
0,HG03955,0,0
0,HG03960,1,0
0,HG03963,1,1
0,HG03965,1,1
0,HG03967,1,0
0,HG03968,0,0
0,HG03969,1,0
0,HG03971,1,0
0,HG03973,0,0
0,HG03974,1,1
0,HG03976,1,1
0,HG03977,0,0
0,HG03978,1,1
0,HG03985,1,0
0,HG03986,0,0
0,HG03989,0,1
0,HG03990,1,1
0,HG03991,1,0
0,HG03995,0,1
0,HG03998,1,0
0,HG03999,1,0
0,HG04001,0,1
0,HG04002,1,0
0,HG04003,1,0
0,HG04006,1,0
0,HG04014,0,1
0,HG04015,1,1
0,HG04017,1,1
0,HG04018,0,1
0,HG04019,1,0
0,HG04020,1,0
0,HG04022,1,0
0,HG04023,1,0
0,HG04025,0,0
0,HG04026,0,0
0,HG04029,0,1
0,HG04033,1,1
0,HG04035,0,0
0,HG04038,0,0
0,HG04039,1,0
0,HG04042,0,0
0,HG04047,0,1
0,HG04054,0,0
0,HG04056,1,0
0,HG04059,0,1
0,HG04060,1,0
0,HG04061,1,0
0,HG04062,0,1
0,HG04063,0,0
0,HG04070,0,0
0,HG04075,0,1
0,HG04076,0,0
0,HG04080,1,1
0,HG04090,0,1
0,HG04093,1,0
0,HG04094,1,0
0,HG04096,1,0
0,HG04098,1,1
0,HG04099,0,1
0,HG04100,1,1
0,HG04106,0,0
0,HG04107,1,0
0,HG04118,0,0
0,HG04131,1,1
0,HG04134,1,0
0,HG04140,1,0
0,HG04141,0,0
0,HG04144,0,1
0,HG04146,1,0
0,HG04152,1,0
0,HG04153,0,1
0,HG04155,1,0
0,HG04156,0,0
0,HG04158,1,0
0,HG04159,0,0
0,HG04161,1,0
0,HG04162,0,0
0,HG04164,1,1
0,HG04171,0,0
0,HG04173,1,0
0,HG04176,1,0
0,HG04177,0,0
0,HG04180,0,1
0,HG04182,1,0
0,HG04183,0,0
0,HG04185,1,0
0,HG04186,0,1
0,HG04188,1,0
0,HG04189,0,0
0,HG04194,1,1
0,HG04195,0,0
0,HG04198,1,0
0,HG04200,0,1
0,HG04202,0,1
0,HG04206,1,1
0,HG04209,0,1
0,HG04210,1,0
0,HG04211,1,0
0,HG04212,0,0
0,HG04214,0,1
0,HG04216,0,0
0,HG04219,1,0
0,HG04222,1,0
0,HG04225,1,0
0,HG04227,0,0
0,HG04229,1,1
0,HG04235,1,0
0,HG04238,1,0
0,HG04239,1,1
0,NA06984,1,0
0,NA06985,0,0
0,NA06986,1,0
0,NA06989,0,0
0,NA06994,1,0
0,NA07000,0,1
0,NA07037,0,1
0,NA07048,1,0
0,NA07051,1,0
0,NA07056,0,1
0,NA07347,1,0
0,NA07357,1,0
0,NA10847,0,0
0,NA10851,1,0
0,NA11829,1,0
0,NA11830,0,0
0,NA11831,1,0
0,NA11832,0,1
0,NA11840,0,0
0,NA11843,1,0
0,NA11881,1,1
0,NA11892,0,0
0,NA11893,1,0
0,NA11894,0,0
0,NA11918,0,0
0,NA11919,1,0
0,NA11920,0,0
0,NA11930,1,0
0,NA11931,0,0
0,NA11932,1,0
0,NA11933,0,1
0,NA11992,1,0
0,NA11994,1,0
0,NA11995,0,0
0,NA12003,1,0
0,NA12004,0,1
0,NA12005,1,1
0,NA12006,0,0
0,NA12043,1,1
0,NA12044,0,0
0,NA12045,1,0
0,NA12046,0,0
0,NA12058,0,0
0,NA12144,1,0
0,NA12154,1,0
0,NA12155,1,1
0,NA12156,0,0
0,NA12234,0,0
0,NA12249,0,0
0,NA12272,1,0
0,NA12273,0,1
0,NA12275,0,1
0,NA12282,1,1
0,NA12283,0,0
0,NA12286,1,0
0,NA12287,0,0
0,NA12340,1,0
0,NA12341,0,1
0,NA12342,1,0
0,NA12347,1,1
0,NA12348,0,0
0,NA12383,0,0
0,NA12399,1,0
0,NA12400,0,0
0,NA12413,1,0
0,NA12414,0,0
0,NA12489,0,0
0,NA12546,1,0
0,NA12716,1,0
0,NA12717,0,1
0,NA12718,0,0
0,NA12748,1,0
0,NA12749,0,0
0,NA12750,1,0
0,NA12751,0,0
0,NA12760,1,0
0,NA12761,0,0
0,NA12762,1,0
0,NA12763,0,0
0,NA12775,1,0
0,NA12776,0,0
0,NA12777,1,0
0,NA12778,0,1
0,NA12812,1,1
0,NA12813,0,0
0,NA12814,1,0
0,NA12815,0,0
0,NA12827,1,1
0,NA12828,0,0
0,NA12829,1,0
0,NA12830,0,0
0,NA12842,1,0
0,NA12843,0,0
0,NA12872,1,0
0,NA12873,0,0
0,NA12874,1,0
0,NA12878,0,0
0,NA12889,1,0
0,NA12890,0,0
0,NA18486,1,0
0,NA18488,0,0
0,NA18489,0,1
0,NA18498,1,0
0,NA18499,0,0
0,NA18501,1,0
0,NA18502,0,0
0,NA18504,1,1
0,NA18505,0,1
0,NA18507,1,1
0,NA18508,0,1
0,NA18510,1,0
0,NA18511,0,0
0,NA18516,1,0
0,NA18517,0,1
0,NA18519,1,0
0,NA18520,0,1
0,NA18522,1,1
0,NA18523,0,1
0,NA18525,0,0
0,NA18526,0,1
0,NA18528,0,0
0,NA18530,1,0
0,NA18531,0,1
0,NA18532,0,0
0,NA18533,0,1
0,NA18534,1,0
0,NA18535,0,1
0,NA18536,1,0
0,NA18537,0,1
0,NA18538,0,0
0,NA18539,0,0
0,NA18541,0,0
0,NA18542,0,0
0,NA18543,1,1
0,NA18544,1,0
0,NA18545,0,1
0,NA18546,1,0
0,NA18547,0,0
0,NA18548,1,0
0,NA18549,1,0
0,NA18550,0,1
0,NA18552,0,0
0,NA18553,0,0
0,NA18555,0,1
0,NA18557,1,1
0,NA18558,1,1
0,NA18559,1,1
0,NA18560,0,0
0,NA18561,1,1
0,NA18562,1,1
0,NA18563,1,0
0,NA18564,0,1
0,NA18565,0,1
0,NA18566,0,1
0,NA18567,0,1
0,NA18570,0,0
0,NA18571,0,1
0,NA18572,1,1
0,NA18573,0,0
0,NA18574,0,0
0,NA18577,0,1
0,NA18579,0,0
0,NA18582,0,0
0,NA18591,0,0
0,NA18592,0,0
0,NA18593,0,0
0,NA18595,0,0
0,NA18596,0,1
0,NA18597,0,1
0,NA18599,0,1
0,NA18602,0,1
0,NA18603,1,1
0,NA18605,1,0
0,NA18606,1,0
0,NA18608,1,1
0,NA18609,1,0
0,NA18610,0,1
0,NA18611,1,0
0,NA18612,1,1
0,NA18613,1,0
0,NA18614,0,1
0,NA18615,0,1
0,NA18616,0,1
0,NA18617,0,0
0,NA18618,0,0
0,NA18619,0,0
0,NA18620,1,1
0,NA18621,1,1
0,NA18622,1,1
0,NA18623,1,0
0,NA18624,1,0
0,NA18625,0,1
0,NA18626,0,0
0,NA18627,0,0
0,NA18628,0,0
0,NA18629,1,0
0,NA18630,0,1
0,NA18631,0,0
0,NA18632,1,1
0,NA18633,1,1
0,NA18634,0,1
0,NA18635,1,1
0,NA18636,1,0
0,NA18637,1,0
0,NA18638,1,0
0,NA18639,1,1
0,NA18640,0,1
0,NA18641,0,1
0,NA18642,0,0
0,NA18643,1,1
0,NA18644,0,1
0,NA18645,1,0
0,NA18646,0,1
0,NA18647,1,0
0,NA18648,1,1
0,NA18740,1,1
0,NA18745,1,1
0,NA18747,1,1
0,NA18748,1,0
0,NA18749,1,0
0,NA18757,1,0
0,NA18853,1,1
0,NA18856,1,0
0,NA18858,0,0
0,NA18861,0,1
0,NA18864,0,1
0,NA18865,1,0
0,NA18867,0,0
0,NA18868,1,1
0,NA18870,0,1
0,NA18871,1,0
0,NA18873,0,0
0,NA18874,1,0
0,NA18876,0,0
0,NA18877,1,0
0,NA18878,0,0
0,NA18879,1,1
0,NA18881,0,0
0,NA18907,0,0
0,NA18908,1,1
0,NA18909,0,1
0,NA18910,1,0
0,NA18912,0,0
0,NA18915,1,0
0,NA18916,0,0
0,NA18917,1,0
0,NA18923,1,0
0,NA18924,0,1
0,NA18933,0,0
0,NA18934,1,0
0,NA18939,0,0
0,NA18940,1,1
0,NA18941,0,1
0,NA18942,0,0
0,NA18943,1,0
0,NA18944,1,0
0,NA18945,1,1
0,NA18946,0,1
0,NA18947,0,1
0,NA18948,1,0
0,NA18949,0,1
0,NA18950,0,1
0,NA18951,0,0
0,NA18952,1,1
0,NA18953,1,0
0,NA18954,0,1
0,NA18956,0,1
0,NA18957,0,0
0,NA18959,1,1
0,NA18960,1,0
0,NA18961,1,1
0,NA18962,1,0
0,NA18963,0,1
0,NA18964,0,1
0,NA18965,1,1
0,NA18966,1,0
0,NA18967,1,1
0,NA18968,0,1
0,NA18969,0,0
0,NA18970,1,1
0,NA18971,1,0
0,NA18972,0,1
0,NA18973,0,0
0,NA18974,1,1
0,NA18975,0,1
0,NA18976,0,0
0,NA18977,1,0
0,NA18978,0,1
0,NA18979,0,1
0,NA18980,0,1
0,NA18981,0,0
0,NA18982,1,0
0,NA18983,1,0
0,NA18984,1,1
0,NA18985,1,1
0,NA18986,1,1
0,NA18987,0,0
0,NA18988,1,0
0,NA18989,1,1
0,NA18990,1,0
0,NA18991,0,0
0,NA18992,0,1
0,NA18993,0,1
0,NA18994,1,1
0,NA18995,1,0
0,NA18997,0,1
0,NA18998,0,1
0,NA18999,0,0
0,NA19000,1,0
0,NA19001,0,1
0,NA19002,0,0
0,NA19003,0,1
0,NA19004,1,0
0,NA19005,1,1
0,NA19006,1,0
0,NA19007,1,0
0,NA19009,1,0
0,NA19010,0,1
0,NA19011,0,1
0,NA19012,1,1
0,NA19017,0,0
0,NA19019,0,0
0,NA19020,1,0
0,NA19023,0,0
0,NA19024,0,0
0,NA19025,1,0
0,NA19026,1,0
0,NA19027,1,1
0,NA19028,1,0
0,NA19030,0,0
0,NA19031,1,0
0,NA19035,1,0
0,NA19036,0,0
0,NA19037,0,1
0,NA19038,0,0
0,NA19041,1,0
0,NA19042,0,0
0,NA19043,1,1
0,NA19054,0,1
0,NA19055,1,1
0,NA19056,1,1
0,NA19057,0,1
0,NA19058,1,0
0,NA19059,0,1
0,NA19060,1,1
0,NA19062,1,0
0,NA19063,1,1
0,NA19064,0,0
0,NA19065,0,1
0,NA19066,1,0
0,NA19067,1,1
0,NA19068,1,1
0,NA19070,1,1
0,NA19072,1,1
0,NA19074,0,1
0,NA19075,1,1
0,NA19076,1,0
0,NA19077,0,1
0,NA19078,0,0
0,NA19079,1,0
0,NA19080,0,1
0,NA19081,0,1
0,NA19082,1,0
0,NA19083,1,1
0,NA19084,0,1
0,NA19085,1,1
0,NA19086,1,1
0,NA19087,0,1
0,NA19088,1,0
0,NA19089,1,1
0,NA19090,0,1
0,NA19091,1,1
0,NA19092,1,0
0,NA19093,0,0
0,NA19095,0,0
0,NA19096,1,0
0,NA19098,1,0
0,NA19099,0,0
0,NA19102,0,1
0,NA19107,1,1
0,NA19108,0,1
0,NA19113,1,0
0,NA19114,0,0
0,NA19116,0,0
0,NA19117,1,0
0,NA19118,0,0
0,NA19119,1,0
0,NA19121,1,0
0,NA19129,0,0
0,NA19130,1,0
0,NA19131,0,1
0,NA19137,0,0
0,NA19138,1,0
0,NA19141,1,0
0,NA19143,0,0
0,NA19144,1,0
0,NA19146,1,0
0,NA19147,0,1
0,NA19149,0,0
0,NA19152,0,0
0,NA19153,1,0
0,NA19159,0,1
0,NA19160,1,0
0,NA19171,1,1
0,NA19172,0,0
0,NA19175,1,1
0,NA19184,1,0
0,NA19185,0,0
0,NA19189,1,1
0,NA19190,0,0
0,NA19197,0,0
0,NA19198,1,1
0,NA19200,1,0
0,NA19201,0,0
0,NA19204,0,1
0,NA19206,0,0
0,NA19207,1,1
0,NA19209,0,0
0,NA19210,1,0
0,NA19213,1,0
0,NA19214,0,0
0,NA19222,0,1
0,NA19223,1,0
0,NA19225,0,0
0,NA19235,0,1
0,NA19236,1,0
0,NA19238,0,0
0,NA19239,1,1
0,NA19247,0,0
0,NA19248,1,0
0,NA19256,1,1
0,NA19257,0,0
0,NA19307,1,0
0,NA19308,1,1
0,NA19309,1,0
0,NA19310,0,0
0,NA19312,1,0
0,NA19314,0,0
0,NA19315,0,0
0,NA19316,0,0
0,NA19317,1,0
0,NA19318,1,0
0,NA19319,1,0
0,NA19320,0,0
0,NA19321,0,1
0,NA19323,0,0
0,NA19324,0,0
0,NA19327,0,1
0,NA19328,0,0
0,NA19331,1,0
0,NA19332,0,1
0,NA19334,1,1
0,NA19338,0,1
0,NA19346,1,0
0,NA19347,1,0
0,NA19350,1,0
0,NA19351,0,1
0,NA19355,0,1
0,NA19360,1,0
0,NA19372,1,0
0,NA19374,1,1
0,NA19375,1,0
0,NA19376,1,0
0,NA19377,0,0
0,NA19378,0,0
0,NA19379,0,0
0,NA19380,1,0
0,NA19383,1,0
0,NA19384,1,1
0,NA19385,1,0
0,NA19390,0,1
0,NA19391,0,0
0,NA19393,1,0
0,NA19394,1,0
0,NA19395,0,1
0,NA19397,1,0
0,NA19399,0,0
0,NA19401,0,0
0,NA19403,0,0
0,NA19404,0,0
0,NA19428,1,1
0,NA19429,1,0
0,NA19430,1,0
0,NA19431,0,1
0,NA19434,0,0
0,NA19435,0,0
0,NA19436,0,0
0,NA19437,0,0
0,NA19438,0,0
0,NA19439,0,1
0,NA19440,0,0
0,NA19443,1,0
0,NA19445,0,0
0,NA19446,0,0
0,NA19448,1,0
0,NA19449,0,0
0,NA19451,1,0
0,NA19452,1,0
0,NA19454,1,1
0,NA19455,1,1
0,NA19456,0,0
0,NA19457,0,1
0,NA19461,1,1
0,NA19462,0,0
0,NA19463,0,0
0,NA19466,1,0
0,NA19467,0,1
0,NA19468,0,0
0,NA19471,0,0
0,NA19472,0,1
0,NA19473,0,0
0,NA19474,0,0
0,NA19475,0,0
0,NA19625,0,1
0,NA19648,0,1
0,NA19649,1,0
0,NA19651,0,1
0,NA19652,1,1
0,NA19654,0,0
0,NA19655,1,1
0,NA19657,0,1
0,NA19658,1,0
0,NA19661,1,0
0,NA19663,0,1
0,NA19664,1,0
0,NA19669,0,1
0,NA19670,1,0
0,NA19676,1,1
0,NA19678,0,0
0,NA19679,1,0
0,NA19681,0,0
0,NA19682,1,1
0,NA19684,0,0
0,NA19700,1,1
0,NA19701,0,0
0,NA19703,1,1
0,NA19704,0,0
0,NA19707,0,0
0,NA19711,1,1
0,NA19712,0,1
0,NA19713,0,1
0,NA19716,0,0
0,NA19717,1,0
0,NA19719,0,1
0,NA19720,1,0
0,NA19722,0,0
0,NA19723,1,0
0,NA19725,0,0
0,NA19726,1,0
0,NA19728,0,0
0,NA19729,1,1
0,NA19731,0,0
0,NA19732,1,1
0,NA19734,0,0
0,NA19735,1,0
0,NA19740,0,0
0,NA19741,1,0
0,NA19746,0,0
0,NA19747,1,1
0,NA19749,0,0
0,NA19750,1,0
0,NA19752,0,1
0,NA19755,0,0
0,NA19756,1,0
0,NA19758,0,1
0,NA19759,1,1
0,NA19761,0,0
0,NA19762,1,0
0,NA19764,0,1
0,NA19770,0,1
0,NA19771,1,1
0,NA19773,0,0
0,NA19774,1,0
0,NA19776,0,0
0,NA19777,1,0
0,NA19779,0,1
0,NA19780,1,0
0,NA19782,0,0
0,NA19783,1,0
0,NA19785,0,1
0,NA19786,1,0
0,NA19788,0,1
0,NA19789,1,0
0,NA19792,1,0
0,NA19794,0,0
0,NA19795,1,1
0,NA19818,1,1
0,NA19819,0,0
0,NA19834,1,0
0,NA19835,0,1
0,NA19900,1,1
0,NA19901,0,0
0,NA19904,1,0
0,NA19908,1,0
0,NA19909,0,0
0,NA19913,0,0
0,NA19914,0,0
0,NA19916,1,0
0,NA19917,0,0
0,NA19920,1,1
0,NA19921,0,0
0,NA19922,1,0
0,NA19923,0,0
0,NA19982,1,1
0,NA19984,1,0
0,NA20126,1,0
0,NA20127,0,0
0,NA20274,0,0
0,NA20276,0,0
0,NA20278,1,1
0,NA20281,1,0
0,NA20282,0,0
0,NA20287,0,0
0,NA20289,0,1
0,NA20291,1,0
0,NA20294,0,1
0,NA20296,0,1
0,NA20298,1,0
0,NA20299,0,1
0,NA20314,0,0
0,NA20317,0,0
0,NA20318,1,1
0,NA20320,0,0
0,NA20321,0,0
0,NA20332,0,1
0,NA20334,0,0
0,NA20339,0,1
0,NA20340,1,0
0,NA20342,1,0
0,NA20346,1,0
0,NA20348,1,0
0,NA20351,1,0
0,NA20355,0,0
0,NA20356,1,1
0,NA20357,0,0
0,NA20359,0,0
0,NA20362,1,0
0,NA20412,0,0
0,NA20502,0,0
0,NA20503,0,0
0,NA20504,0,0
0,NA20505,0,0
0,NA20506,0,0
0,NA20507,0,1
0,NA20508,0,0
0,NA20509,1,0
0,NA20510,1,1
0,NA20511,1,0
0,NA20512,1,1
0,NA20513,1,1
0,NA20514,0,0
0,NA20515,1,0
0,NA20516,1,0
0,NA20517,0,0
0,NA20518,1,0
0,NA20519,1,0
0,NA20520,1,0
0,NA20521,1,0
0,NA20522,0,0
0,NA20524,1,0
0,NA20525,1,0
0,NA20527,1,1
0,NA20528,1,1
0,NA20529,0,0
0,NA20530,0,0
0,NA20531,0,1
0,NA20532,1,0
0,NA20533,0,0
0,NA20534,1,1
0,NA20535,0,0
0,NA20536,1,0
0,NA20538,1,1
0,NA20539,1,0
0,NA20540,0,0
0,NA20541,0,0
0,NA20542,0,1
0,NA20543,1,0
0,NA20544,1,1
0,NA20581,1,0
0,NA20582,0,1
0,NA20585,0,1
0,NA20586,1,0
0,NA20587,0,1
0,NA20588,1,0
0,NA20589,0,0
0,NA20752,1,0
0,NA20753,0,0
0,NA20754,1,1
0,NA20755,1,0
0,NA20756,0,0
0,NA20757,0,0
0,NA20758,1,1
0,NA20759,1,0
0,NA20760,0,1
0,NA20761,0,1
0,NA20762,1,0
0,NA20763,1,0
0,NA20764,0,0
0,NA20765,1,0
0,NA20766,0,0
0,NA20767,1,0
0,NA20768,0,0
0,NA20769,0,0
0,NA20770,1,1
0,NA20771,0,0
0,NA20772,0,0
0,NA20773,0,0
0,NA20774,0,1
0,NA20775,0,0
0,NA20778,1,1
0,NA20783,1,0
0,NA20785,1,0
0,NA20786,0,1
0,NA20787,1,0
0,NA20790,0,1
0,NA20792,1,0
0,NA20795,0,0
0,NA20796,1,0
0,NA20797,0,0
0,NA20798,1,0
0,NA20799,0,0
0,NA20800,0,0
0,NA20801,1,0
0,NA20802,0,0
0,NA20803,1,0
0,NA20804,0,1
0,NA20805,1,0
0,NA20806,1,0
0,NA20807,0,0
0,NA20808,0,0
0,NA20809,1,0
0,NA20810,1,0
0,NA20811,1,0
0,NA20812,1,1
0,NA20813,0,1
0,NA20814,1,0
0,NA20815,1,0
0,NA20818,0,0
0,NA20819,0,0
0,NA20821,0,0
0,NA20822,0,1
0,NA20826,0,0
0,NA20827,1,0
0,NA20828,0,1
0,NA20832,0,0
0,NA20845,1,0
0,NA20846,1,0
0,NA20847,0,0
0,NA20849,0,0
0,NA20850,1,0
0,NA20851,0,0
0,NA20852,1,0
0,NA20853,0,0
0,NA20854,0,0
0,NA20856,0,1
0,NA20858,1,0
0,NA20859,0,0
0,NA20861,1,0
0,NA20862,0,1
0,NA20863,1,1
0,NA20864,1,0
0,NA20866,1,1
0,NA20867,1,1
0,NA20868,0,1
0,NA20869,0,1
0,NA20870,1,0
0,NA20872,0,1
0,NA20874,0,1
0,NA20875,0,0
0,NA20876,0,0
0,NA20877,0,0
0,NA20878,0,0
0,NA20881,0,0
0,NA20882,0,0
0,NA20884,1,0
0,NA20885,1,0
0,NA20886,0,0
0,NA20887,1,0
0,NA20888,0,0
0,NA20889,1,1
0,NA20890,1,0
0,NA20891,1,0
0,NA20892,0,0
0,NA20894,0,0
0,NA20895,1,1
0,NA20896,0,1
0,NA20897,1,0
0,NA20899,0,1
0,NA20900,0,1
0,NA20901,1,0
0,NA20902,0,1
0,NA20903,1,0
0,NA20904,1,1
0,NA20905,1,1
0,NA20906,0,1
0,NA20908,0,1
0,NA20910,0,0
0,NA20911,1,0
0,NA21086,0,0
0,NA21087,1,1
0,NA21088,0,0
0,NA21089,0,0
0,NA21090,1,1
0,NA21091,1,0
0,NA21092,1,0
0,NA21093,1,0
0,NA21094,1,1
0,NA21095,1,0
0,NA21097,0,1
0,NA21098,1,0
0,NA21099,1,0
0,NA21100,1,0
0,NA21101,0,1
0,NA21102,0,0
0,NA21103,0,1
0,NA21104,1,0
0,NA21105,1,0
0,NA21106,0,1
0,NA21107,1,0
0,NA21108,0,1
0,NA21109,1,0
0,NA21110,0,0
0,NA21111,1,1
0,NA21112,1,0
0,NA21113,1,1
0,NA21114,1,0
0,NA21115,1,1
0,NA21116,1,0
0,NA21117,1,1
0,NA21118,1,0
0,NA21119,1,1
0,NA21120,0,1
0,NA21122,0,0
0,NA21123,1,0
0,NA21124,1,0
0,NA21125,0,0
0,NA21126,1,0
0,NA21127,1,1
0,NA21128,1,1
0,NA21129,1,1
0,NA21130,1,0
0,NA21133,1,1
0,NA21135,1,1
0,NA21137,0,0
0,NA21141,0,1
0,NA21142,0,1
0,NA21143,0,0
0,NA21144,0,1
