pglmmFPR,pglmmFPR2,glmnetFPR,glmnetPCFPR
0.17233439416609705,0.1950589244645906,0.3181836334010555,0.3256362220784193
0.022458050057251565,0.029966724163735917,0.07385444490149572,0.03927020410296649
0.03025779711756853,0.04744230783165259,0.09056030124942141,0.1023810569473892
0.06314559401541166,0.08159796327927604,0.17258630661128088,0.21512403684498624
0.02936497880759242,0.047485139093232036,0.08492446676000742,0.09499561430851725
0.07990567920419898,0.12400400724555369,0.23675380692540127,0.22220881265775003
0.07156019555352396,0.09808948833636846,0.1880695142933545,0.19783030131380647
0.036241211230667626,0.05794483740661265,0.1232499617199548,0.1045990777242161
0.050090361253527456,0.0710039117874962,0.14217523890838255,0.13056794663456703
0.0670621104956264,0.09578665228619178,0.20441558249932515,0.1687493594650307
0.2746823304226541,0.2548792190317943,0.45739944834300944,0.6017208272402181
0.16953107597519745,0.2233627722465371,0.415198129717323,0.548898800761316
0.040267438204370565,0.06436377716803347,0.12760007973325868,0.2109499122338086
0.25403613381850326,0.24976842874158003,0.46453706038846204,0.5444062719666887
0.05204351361409773,0.07273332288481282,0.1442426729954443,0.13143013133747683
0.09734355331598651,0.12801325460091792,0.24913862707623405,0.3334599183561338
0.15098527696987304,0.18524041429100482,0.3445008443723202,0.30773260693640586
0.01906084731588204,0.027258752955371383,0.07540347650170079,0.0627902361085312
0.09443400571019517,0.18038656284254348,0.31272267226071776,0.2525633940713119
0.022364990221699767,0.034323242266701526,0.07430446830886737,0.05354345453469971
0.5987951747715787,0.6709732639684818,0.840526221167048,0.8205970281753372
0.1545406633216654,0.16703094984406022,0.2778916274272081,0.40594040278199134
0.03767037009887475,0.0648007243238788,0.15463468349276252,0.12795546372981798
0.10058021457580102,0.17877540315315202,0.28566932234326886,0.4230958905904122
0.04332602997189001,0.06609028702322074,0.12466411274330488,0.20253729177180668
0.15219636254508725,0.20997553634115917,0.33121747048423317,0.44936466612526804
0.42587080733112126,0.45599110536084037,0.6642244341011602,0.7623552314551635
0.021208478476609845,0.031586857805914255,0.07439970508580263,0.09358095546629196
0.15736230341326013,0.21358198781032314,0.36861629830404047,0.3897468507637435
0.20351605927857128,0.3269788943865002,0.4840434426083418,0.5710759457856069
0.07108928843839785,0.07725646365391495,0.13012014668915034,0.224656061635448
0.04503630469124165,0.05249945462075752,0.10978304982286781,0.17129423870068541
0.013482644555885093,0.020121214113926183,0.05050741530624619,0.06167814002362688
0.4908939625813795,0.5483195671328556,0.7070624416382816,0.7910669150826445
0.17188766044223336,0.24101361101083818,0.41638937865511155,0.4756255299514288
0.07635794896460318,0.08854806167887164,0.21246286370099599,0.25132447870372654
0.10129250485735433,0.10640054422363,0.21522713303540797,0.2896695292588345
0.17092716915658424,0.2628323573477658,0.4273578192781158,0.5597710959786729
0.16294721428259232,0.18648338069260753,0.3780495480126317,0.5026244131416852
0.09377709366947565,0.08808642257687048,0.17891651879652967,0.16763549174942605
0.13012053210874575,0.12329545774047349,0.33388680221582995,0.3546060673712672
0.22955630819341413,0.2381609991127629,0.47508547859171857,0.39317882709757096
0.32215712636848765,0.27226044817695483,0.5006529152759825,0.5314415493595155
0.315221118000803,0.2638530478089082,0.4903860256902295,0.44449752938227927
0.31178592246585995,0.20646018273386113,0.44184812816818964,0.5456659140425739
0.28084480512673277,0.21225261095049483,0.4967917824159682,0.5043369427006342
0.5340182067981755,0.4283839193777527,0.7093765247517744,0.7617630681293089
0.28271566345005833,0.24866540031819834,0.4893326068164978,0.5334035087124516
0.17325877611344515,0.16975889279342243,0.3823045683690992,0.3665668981586115
0.2543512958058287,0.18309716070973794,0.46479208314422277,0.4572684950473684
0.15418302010958437,0.1293226593380785,0.31525220954062577,0.37297935991615366
0.29222627478607727,0.2786775269563563,0.5134518169421154,0.485502357297272
0.47983791117943436,0.3609342816568443,0.6299842533746356,0.6694143800145311
0.2866366967856523,0.20502245535931501,0.4674437482600522,0.47491324182976774
0.11753347435223793,0.10879922455858063,0.24852821471224146,0.28347125858955563
0.22047133222596532,0.20474226275113055,0.4480035190034889,0.4541661028888155
0.2769206087571867,0.2222231351402133,0.4945188225278496,0.6109538439386911
0.40236600611505924,0.3866844026345213,0.6054476265327656,0.679627927992107
0.32948351660379105,0.2531099552546835,0.5104835298128807,0.5291345804041053
0.11656967807479868,0.120346075101596,0.29931217837622953,0.2933518749290098
0.43672056794581765,0.3039138308833476,0.5986347073492541,0.49236428354870265
0.06673752780037057,0.07642856316209616,0.18979367961579496,0.1509365065017016
0.38236775118738126,0.3428194903548602,0.5718573256233006,0.6498648761209878
0.11217235397983229,0.10905175083285748,0.2807419012937805,0.29703737173331934
0.21552105047479211,0.16867500781604836,0.3950825877014315,0.414834904191108
0.31963563888821483,0.2403875203258217,0.498099954624187,0.5884983404304288
0.20193995948695292,0.1521585454963107,0.39795637573088904,0.4936278433339089
0.2762620999952161,0.2473684619332122,0.4398759866037988,0.37464093219735817
0.2786624891230231,0.26752343324648353,0.4737748383323436,0.3893350780458765
0.03082437417731717,0.05011966570186586,0.10335819868154096,0.05127712603587622
0.03227555960498972,0.05527151097407767,0.0931492452316252,0.10469486802518968
0.01972439248208972,0.04584809607164265,0.08822772655618955,0.04336799407517998
0.10808649610561698,0.09487439481489862,0.24725351140438692,0.2722277356030705
0.35911200111033464,0.2805875935700242,0.5500461909008554,0.5548772630937447
0.24944449129758456,0.2615577312497977,0.47199054618409814,0.5477186832101147
0.3328108770252947,0.2617583497644966,0.5248199597854607,0.5118983013171853
0.2277175582261632,0.19944410602053292,0.42114710368426855,0.3838872356130256
0.04814770297511005,0.07812697540495674,0.1610841023827857,0.09583484286996276
0.03793847765904876,0.04447793306274675,0.09940155902325779,0.1034524054627444
0.0553901856909968,0.08908302716510458,0.1307775060315548,0.09958979638862153
0.03552395803972492,0.053292893237060907,0.11364993900132844,0.08390343665241418
0.02894922298475572,0.04518143287313318,0.09794604381314499,0.09402210723176857
0.026297768157707787,0.039312427396345856,0.08269259094693021,0.06423714411664833
0.0515393473859795,0.09149494095838095,0.15928738168850504,0.09303847128296591
0.01629725119983223,0.02438847508334283,0.06562908531236364,0.05023158264465271
0.31849310580295986,0.23554706154891417,0.44153298935454366,0.5424842302049775
0.07362051174211069,0.06779701689720144,0.15860662493104494,0.1520272045704605
0.15021912480448457,0.21274241319080325,0.3395991043406789,0.20461559354034015
0.12768079254002268,0.13053624251171214,0.25217825993057275,0.2539511022059297
0.0308861703770462,0.03950994829350454,0.0910213038648704,0.07687292846595212
0.05568653063829243,0.07367065546790699,0.15503318303018154,0.08796496424064992
0.04034523696136632,0.06994393320315238,0.14627435445802295,0.10277836598931481
0.09141504777912984,0.17958868794660549,0.2622127910941009,0.21251780561961858
0.07570141064120993,0.1019697666075041,0.2525594882904987,0.13272117864728808
0.0314967666296984,0.037731074610860345,0.09525900120267544,0.09667580452489796
0.026689030016171626,0.03582792523644084,0.0815456856906123,0.04694777781778249
0.16116458466074673,0.17886143722789719,0.3470490233425817,0.3276012736798521
0.2676349625317368,0.3399334422264041,0.5098196583443854,0.4378896454329584
0.4202149175682436,0.40486282667649043,0.6297017726859144,0.6295874927691757
0.06116962106546719,0.0819476171170417,0.17187753854334756,0.09719752632316905
0.01895038444233313,0.020745674039212562,0.08179926437744954,0.05547361873137876
0.047204768363162015,0.0663648248941173,0.12754407488112293,0.14578942032072612
0.06931469683805673,0.0965820237808838,0.1984945000592919,0.14121736377051347
0.02699569555762962,0.057896276562340546,0.09749681064645432,0.056854795357969834
0.08296699554972493,0.11616159202857104,0.23086997035632295,0.22144728203408331
0.06514606919568616,0.0603061243847308,0.17087419530121284,0.15478015376586288
0.024386037778067103,0.033133737624474566,0.09195788978910674,0.06500403906174522
0.058771183298173726,0.07048528714050845,0.15512714875967695,0.14849178350758604
0.04191448047842937,0.05361900313542815,0.11235089721942902,0.1160877991595706
0.19103086976391898,0.21104389470898005,0.389644505564993,0.32322441491547743
0.11015314679015066,0.09125163596312665,0.19285744425541165,0.17770550628199158
0.13143582149181157,0.13596568498438924,0.2474096955957856,0.18631673404987062
0.05802061062937293,0.08475776487000158,0.1831245400793915,0.15983955994742535
0.08873953892352958,0.10899200010236504,0.23751394698401004,0.2537871154733394
0.02658993483114882,0.04278404163927931,0.11279637606161393,0.07019430713648063
0.06938556222818076,0.0868882396457652,0.2007145031000494,0.1836788974281182
0.20255538782906865,0.21737176183560966,0.3420309399605764,0.3446767019270795
0.049903429141234634,0.08629597631617521,0.17834919458392398,0.10712024100163661
0.03347210255835444,0.05470665748774567,0.11257092228385689,0.09906974350510081
0.06233854932812841,0.11175517588382623,0.196299945614317,0.1748084189104514
0.41724522644690953,0.3777505232816973,0.6712430027559917,0.7426085854033845
0.10978110890716412,0.17912385948937817,0.2742821557406395,0.21175634340840715
0.06671377142757744,0.09900710152996754,0.19729406964151058,0.1745301100394628
0.022384282145409273,0.03719783933103287,0.1111396357011188,0.06890087107021536
0.050536353566095274,0.08141354208429596,0.14317045534407144,0.10728687279155631
0.0940195599676712,0.16013583867687242,0.2771698168572188,0.2441389400643477
0.03779107587698566,0.06865729154153254,0.15421128356662828,0.07215393593180941
0.05214821418962836,0.08809484194072222,0.18854494222370494,0.13084916348584236
0.021092713524563884,0.048384894479014735,0.09980757325522689,0.046958686400411086
0.08561519776595386,0.1066485757634778,0.22432325420687055,0.1752830182690096
0.07249887728148167,0.11097606209365696,0.17954208525106255,0.16725947432108665
0.06130593827413342,0.11578805296899125,0.19877912767278422,0.1688596607971897
0.02977084938646455,0.04873036510242856,0.09579056081744926,0.041480425024839895
0.045677976433831445,0.07075868209170273,0.15539308370850557,0.16004843030063498
0.6371289270271568,0.36389510340526515,0.6925237843632701,0.6832604024516016
0.1948480673485516,0.14592767956502484,0.32885264940321673,0.3145117927921074
0.21570464328251457,0.18175712162844307,0.3850318988953134,0.4699843331559437
0.12539358846490817,0.11503483368168549,0.2476031610547051,0.2753755184552604
0.2979999886478678,0.2556947647821106,0.47793329777633464,0.5293841226141098
0.14630878171613856,0.13331592975846868,0.32864601283991973,0.31817824006004836
0.20358477676380696,0.22017298320818351,0.5056288266558511,0.44795275672001733
0.1210176859792672,0.09920791223596057,0.2462937823516515,0.25896965838545805
0.17214205364645085,0.12143688292075068,0.35349452162024325,0.37214181682249636
0.07673048162337881,0.04160151354375984,0.17089887110324783,0.09893933519451013
0.16815594540815912,0.1198942446472579,0.3480559600877787,0.3718658861249796
0.13227474700776706,0.10378741677545057,0.24735176261351144,0.4030507419211496
0.14771114664588872,0.13836535547725656,0.3051112601291061,0.45946875380639657
0.1605876752772189,0.1212884173911758,0.2975196842097451,0.3202299701873182
0.08849362181969773,0.09328575606670295,0.19990713945679878,0.25777677998528864
0.09406040035378002,0.0836653256879999,0.2645652306105028,0.14684659762154478
0.08177501714789272,0.1150716019111869,0.22401985855746692,0.23521421300541506
0.0736750889060285,0.061663151176511236,0.13866757876741564,0.20697521764998397
0.11091606519091048,0.12183633500367592,0.2903169041479627,0.2941714614255626
0.1518457369724101,0.16863399681428448,0.38019053876940195,0.32405034018602336
0.45967896071327324,0.3746460326520736,0.6661006952089388,0.6578727990083395
0.28144135449599234,0.2111659453176859,0.43609528270541775,0.4729945676753266
0.4070696590317419,0.2630390058850068,0.6355160430000304,0.6633782220643001
0.16382185081527278,0.14321916939528265,0.3678685352189873,0.3772134145926625
0.17904925319145942,0.1419876024777672,0.3514198649812214,0.37275593591178985
0.31807377073811977,0.2567998265102217,0.45390740267948465,0.5689756631734934
0.1302190929625338,0.11306704102984494,0.24584658164508466,0.3134785545359525
0.12719522238463918,0.14230844161401937,0.38310692641516264,0.35825976829323464
0.2939742345235188,0.2729555634030856,0.5393002062687646,0.42304885158896816
0.12138874956072176,0.1196326483524602,0.25137724674299805,0.22165741299056038
0.45163279284717683,0.37869062763599803,0.6448106986592386,0.6039205845283308
0.36543428841955594,0.24826209866554177,0.43759233953404825,0.36657381045038684
0.020944822425809223,0.027581072343821355,0.08423122670714615,0.04682078086655311
0.1797342938816789,0.1795579251462611,0.29421087194938356,0.3060453881995548
0.22942262902482455,0.12393992692267872,0.2998502187506952,0.3557596178571587
0.1254622371780517,0.11189999471357644,0.2899375123094859,0.3019126788442754
0.24883811246582266,0.1806517800506669,0.4209679656174658,0.3837728114965069
0.2833240589725878,0.23746432997979536,0.484799402222384,0.6042535600256148
0.050432610984236265,0.03591450213428796,0.14762598079485564,0.16786034626158755
0.10589172986676029,0.08630685146271036,0.182617535780558,0.19880486940477185
0.06097975378572319,0.13124212204641605,0.24002130702117203,0.15824642514082218
0.034694286491219736,0.07040766035689615,0.13751832955132334,0.1004129920761884
0.06807944206133336,0.14368130207965946,0.231075218038461,0.18863889006114706
0.04680469470936133,0.07339164747994613,0.13418266254097805,0.12681951488354853
0.062322303200720124,0.08577156622446759,0.16752698626379595,0.13955583753998663
0.055815312474968244,0.04095713755329443,0.15180900651526485,0.13874841926945902
0.08832287232459857,0.07010342504981795,0.14952769552471976,0.19948873752527596
0.17139315360026552,0.12279301737037543,0.3175186907415703,0.39169960607039817
0.09032441939938839,0.06946048777514457,0.2695657983453305,0.28246536590319016
0.18655150223420833,0.10665159752371521,0.32694682137970105,0.3958431518149338
0.20987517108785408,0.14032206311255213,0.32058103477934535,0.4082356507468608
0.07062299033333068,0.07093239574984762,0.19046004762643254,0.15730050105097543
0.164623874034805,0.1309860267945273,0.2778272047698219,0.3063357358092695
0.23503572180693105,0.19066946927534367,0.4203255712208815,0.49074439721533875
0.46824442983175124,0.4192804401928536,0.7202096539314221,0.8125643153666263
0.14062052744753747,0.10315007030159068,0.2924910907455574,0.18669034466606108
0.3769695949724696,0.3706408695646564,0.6652988924589268,0.6894538857892129
0.3507282498283992,0.30037674695960065,0.5041068960694302,0.6458162009619214
0.25329994162220876,0.18502111717483338,0.41065187265202674,0.4220921863198971
0.12387833086906234,0.1060783271637282,0.32267152779820973,0.31871310393342206
0.12831465624494123,0.06984821757746582,0.21945111740645756,0.22395741505189543
0.12551504935636515,0.1492434395875405,0.24506871111692985,0.23722956800282202
0.10373465459537737,0.13742573097349087,0.25657971122374224,0.25524033920732353
0.1381514445435557,0.11438704948620182,0.3487504773641131,0.2756915517174208
0.09849036563857612,0.06745767563751813,0.22365000135529206,0.22957675729680574
0.15095113311138,0.12709115178387217,0.32451466612552327,0.2967419744095317
0.15696077478460627,0.08902815030796041,0.2498575971641686,0.2607010067448568
0.35891515879541647,0.1987352873658942,0.4590407236816521,0.5025739338924482
0.4416910402082089,0.26369793770809613,0.48316770883705923,0.4891221992388521
0.16356592193458247,0.12201051471463976,0.3909768907819195,0.2944293801801265
0.07974108994899146,0.065004625568002,0.14921831309604008,0.1329246496281547
0.03616452058534416,0.02556763569773828,0.09460919207806634,0.11647775021382133
0.08937664103921922,0.055400288195295896,0.22454141797444255,0.23519325823820225
0.0748738067698371,0.05299651723099045,0.23383190497635653,0.1859831014288248
0.06175346965037413,0.04003078728621434,0.1282007419631752,0.1696191704443988
0.39754379687966657,0.3089830817532882,0.6307675377608669,0.6464461519341983
0.06660850160125006,0.09601281466480673,0.19872791014922592,0.1948131122601115
0.15420209062089715,0.0961343858990818,0.31164776226441365,0.3140738008854916
0.058508178008208574,0.0676440600285953,0.13972930614713427,0.15359222904333897
0.06846608477338138,0.044118349843681154,0.1501853788515459,0.17256000245518
0.0927950771587161,0.046121442793468165,0.1494255882431169,0.12379726503359198
0.09862512195960516,0.16900134083329738,0.27709287246452086,0.21420069085990304
0.2698400590729003,0.16910297398898788,0.4677418620764861,0.3739889457099732
0.1386668692355187,0.19064232749854487,0.3267785854016433,0.31338132548409847
0.17541010593874246,0.17782512835901665,0.3556164113817061,0.38024834858463263
0.12591417617966663,0.08114291306740856,0.28054300187740616,0.3304894181000784
0.46327250603195114,0.24166762917327692,0.5764493685365722,0.6470311652340265
0.07214551820731704,0.048011886561656364,0.1520070061435405,0.22666745096589097
0.4549064806766934,0.2646892564680821,0.5251145132253737,0.6409118376430488
0.31686195980946463,0.19539527274297164,0.5068437610935187,0.42958146801380587
0.052321685792202914,0.08784257534515784,0.15641794026525357,0.16908634460886993
0.13577290742742296,0.15597356497886472,0.2912916284871407,0.2925147482088689
0.2961292601683792,0.19682746367663795,0.5103778623559357,0.4731593064177411
0.32802218320946425,0.2236318216949835,0.5634743416833764,0.583897970830356
0.2428090762962687,0.19275090891361066,0.46463697148460814,0.4480913818304556
0.07635237681508662,0.06456143709585788,0.24085514188782114,0.1526968648879258
0.12576158237930835,0.07101962337826433,0.2054652912005982,0.25208256348840585
0.21724737853769338,0.16880171903509414,0.4352166799265032,0.34993207991678227
0.12163656593850182,0.07822820541801367,0.23126248660491372,0.30610706633745244
0.12220511627464896,0.059417736865450994,0.22084636559817053,0.1942300334212249
0.3460718592777958,0.18278435410936195,0.43880381759510406,0.5760913460432675
0.04449367448673122,0.028080729514348462,0.10295906087899,0.1275639747548479
0.3715315834018796,0.24770259551511073,0.5187254143171521,0.6724215698159492
0.14966168305675334,0.08818601412125378,0.32305756569601546,0.33171828307816054
0.13009811274545716,0.08482145108098857,0.32061046001466736,0.2187814068647665
0.04478536556192514,0.0616706386643469,0.138826079166629,0.14065192928051304
0.2471904045217749,0.14042005353841316,0.410889781467556,0.40951966493184505
0.2867426274018219,0.1760838447584072,0.4588802982748929,0.36308125980642486
0.07815314912136498,0.04739987400094298,0.15885854727094004,0.1598919597889768
0.3158881277685702,0.2152064535483508,0.5048473989654125,0.5264764140323928
0.24356055418096248,0.12867258338055299,0.3418674424002494,0.295839975495919
0.26389661762387717,0.14911906663358704,0.37707031342588443,0.5562274985073778
0.32860544881237574,0.16075331638116117,0.4531974802288511,0.4570264027407778
0.07887218802126579,0.04974969733953335,0.1952375062398395,0.27209845171782204
0.22875867811048306,0.1389241664656448,0.33054274188542515,0.45047664403053667
0.3255190995724148,0.21549712409422914,0.5045145911418241,0.4026499246707147
0.14447945492061942,0.0834361900325905,0.2594078041893149,0.328126827133792
0.03397594328134721,0.05977688529042947,0.10855242043921552,0.11696354531460167
0.1772503527224702,0.09674255430744312,0.3063811968035861,0.3192369206481734
0.07333604047039406,0.04948931328295233,0.19029278974013702,0.15634584706472765
0.11749809583234612,0.07975501325771639,0.2555844202536808,0.26821626100106616
0.07198951007677276,0.03926787920461347,0.11154310174690071,0.1630771752521812
0.12507548352523953,0.07415476267880654,0.27593972521428484,0.17786182947974455
0.21849444768263948,0.12269832199816884,0.4195534049321879,0.5112706840671185
0.28758986702818723,0.19799829637354852,0.48326218562788464,0.5843646480834346
0.5144248582408127,0.39170098214738214,0.7255564124657433,0.7277631350007926
0.3835687841141191,0.2693565363207298,0.5366598235222872,0.6649136100103216
0.16804643635811264,0.10906683178619943,0.3478294511973743,0.22318072306584963
0.06726857093762227,0.049726901900707804,0.17074378367917153,0.2065811142432659
0.06807652892071296,0.04036236994300902,0.1303121029047177,0.19019182049819042
0.14352937860311352,0.11495237310132358,0.364632755355296,0.40908708921285813
0.23624699201044658,0.17367197938446127,0.39437611154964136,0.38160340351220984
0.36543592144399634,0.20869796552831377,0.4406608816156416,0.47524716225128544
0.2270835689546985,0.12289655402973176,0.3067467156493783,0.3909055169329259
0.06375978911662127,0.08160154359151008,0.21292589645432358,0.19528486592826852
0.16174725534138817,0.12884913335114448,0.3935056327974161,0.316597122725952
0.4149822269041712,0.24550435525022943,0.5434882251352987,0.5840227734183601
0.1741015370933005,0.09854128888634438,0.2873082109362741,0.25908015578972937
0.11118147838399635,0.09096321559928545,0.2622495607529649,0.297841439138918
0.12909398095761768,0.08517846310544373,0.24526673115724182,0.38569395154650793
0.06228508856261036,0.07491116221361561,0.1540075684354221,0.1445187096589174
0.02928154675126767,0.034923426340956853,0.08402791332889185,0.07079361013832669
0.04782902287081537,0.06678610521453777,0.1388051579891991,0.12363043996363524
0.05682304486695633,0.06798396664013481,0.15919646738079954,0.1166721736152284
0.10505397676733406,0.17671436579641217,0.3695663727879034,0.3621278735074061
0.11405641452712184,0.1572687624639038,0.29570026897385976,0.30892738729607255
0.10127913037268002,0.1512314874310787,0.291583196528735,0.24327298967860136
0.033926196681376454,0.05031745864511362,0.11320628169925212,0.0794066455504712
0.06858449932323608,0.10819872406639337,0.23328299759501464,0.22020126915219343
0.0912176247546463,0.16541693319746723,0.3056081032104349,0.2688544755127131
0.10656153366891356,0.12380189229409237,0.25339668227381856,0.19352661763755818
0.07168095077070456,0.10011752307739952,0.2012956567338036,0.2018476379005161
0.11487124982917209,0.14276373467652184,0.26582427470389025,0.1967947331903206
0.061873936732702736,0.08464243238293377,0.20069752005408453,0.11038031334420738
0.08724953800458056,0.12825633364062597,0.26399658661446923,0.24724425773663655
0.1323166625117404,0.2061734503334094,0.4020232572055247,0.34231914817132586
0.08765432495454001,0.10158638834727507,0.19302207079338346,0.1292236072265172
0.11149089340353831,0.1622426688963817,0.31062955987847785,0.3016976458272534
0.04725398882840313,0.07536686947497528,0.13192297750308823,0.10168301822351494
0.0951353030519224,0.13536579232528714,0.2862649327245696,0.13077063411767015
0.12114428078033312,0.1385575543205035,0.2824904985326109,0.24107746771535765
0.16929701685729334,0.20045937550476314,0.33666257906061425,0.4348119839207209
0.022558173624780357,0.02901614810873721,0.07404902753919866,0.03139361314420787
0.10537901439088115,0.12263137287915386,0.222823689297759,0.2536579643896584
0.12464529211633167,0.14532815188974696,0.34665113176797424,0.32047976703478237
0.10497817609682969,0.10804760135623076,0.21850066564385448,0.23500775370266117
0.2634709209319264,0.3076888102482639,0.47803291105254625,0.5000807756088624
0.5990485785862539,0.6390609178761351,0.7812987300873081,0.7736811524819472
0.08313062518921577,0.1010646980592415,0.22350468127714848,0.2292769663116971
0.03463177634792249,0.06895499044066203,0.1662159029858559,0.11985487234806445
0.06792054764351382,0.09056983325005596,0.17973545737134836,0.148670062993704
0.043722711126594364,0.05900422905937889,0.1332268903743527,0.11903982086037995
0.07315097291462279,0.09815700341572171,0.18061329009424704,0.1903048903346454
0.2007737538040771,0.22019885731299543,0.39415642142778384,0.4515349405006215
0.03238036694156012,0.04769658575762518,0.11522360847068619,0.11558576829517583
0.08172592911815475,0.11041745884106921,0.2485629900979251,0.27748430620026426
0.1885679355576686,0.22562192949583706,0.3798797319103424,0.29907934855754165
0.2006273396127393,0.21685765688967784,0.38717655769390985,0.37421567635139086
0.08450626540888441,0.1068645963344066,0.22932754794019286,0.16371703893383557
0.09881229391823552,0.10159066134867073,0.24282101694408997,0.21461238571462588
0.1638607803237007,0.20807592855282114,0.44026314865812677,0.3676828099880276
0.049880381691701225,0.0644840679322129,0.1581217958882504,0.12926361968508834
0.09818773929508519,0.10633338795483155,0.18368716810907731,0.18855169993325077
0.12615644176021565,0.16817643363633475,0.3543892572772562,0.3241446463778384
0.45384384376651815,0.5225514870920086,0.6693938471704056,0.6792950739049898
0.04900642690220372,0.05739503759137478,0.13458268826478592,0.10617987399464994
0.042434229492783755,0.06390027906804101,0.14223567739668336,0.07752179003549174
0.12185912983376816,0.14528262322724245,0.26516334815684106,0.21449843166746688
0.08104726927824434,0.09326928690940463,0.20330474344481905,0.13102607741474287
0.050983147556478044,0.06553748176792863,0.13356189960443007,0.162106653162341
0.1079838025434096,0.14338281040585377,0.3580177382530707,0.22513375081326864
0.025630411501869624,0.033668381921341334,0.08625974532661657,0.06997509445017341
0.038670789150496696,0.06445988945788819,0.17861620194021727,0.10064783666865876
0.06422462581644517,0.07972234182936716,0.16489297239819226,0.10809300113008428
0.11254511156334945,0.10039627844272689,0.22014630201445515,0.2146953489348704
0.01352753714298493,0.02655427503250182,0.059455749880123684,0.04340419284140593
0.0608233649248492,0.06969905166026659,0.22252042045569229,0.14454187679905897
0.05598039537581228,0.09078907161537107,0.20716914554539467,0.1819967606545763
0.10291073061568647,0.09081636363005195,0.20928098970634657,0.18869622302774583
0.12430660136621478,0.09759297582080134,0.1995442253614241,0.20485180350802468
0.0838974646607114,0.11375864624454228,0.19867608116329524,0.21441328593377637
0.07357589846343945,0.10924155922971839,0.2333128777460572,0.1523554033500724
0.035925155634687594,0.04246826412679083,0.09020836162631575,0.09843328971582539
0.1506712245281389,0.169153419370445,0.31602007693893874,0.33777228706824286
0.08711715403558509,0.09056092626289794,0.2074273737317935,0.2099777476262632
0.07749279631148516,0.09526029587234323,0.20150738226437281,0.16489566666138797
0.06830112794463188,0.09803811223096004,0.16119828026525965,0.16073803088314753
0.24873977629767607,0.2791597500590154,0.42163719297945396,0.4033424194130273
0.06955978833370333,0.11386103545606786,0.21003500251020127,0.15003666809419058
0.025298435740747513,0.04646342990178953,0.12124537461371497,0.10358539710122577
0.21866235259023523,0.31743938421056744,0.4154574059609527,0.4128528592173913
0.058495891219860666,0.08147809855495533,0.15891727201758188,0.11885004570770091
0.2976247129875037,0.38522223121617083,0.5234369596568793,0.5052779151279251
0.04575341685593316,0.07361672436667747,0.14704660139854103,0.1561845417227683
0.1523306470327157,0.18406021049034527,0.35639026721520467,0.19145712051065275
0.023579261194215283,0.046196307058389646,0.07390868633660366,0.06559009769853998
0.25223190670691703,0.4053608862640091,0.5263909263819504,0.5100464798747445
0.07457646927630938,0.09531827309509441,0.1913424162410025,0.26963641447695497
0.29300308966284816,0.3411346851805902,0.5088185443004428,0.544108813470153
0.06176328593451968,0.10388113322923982,0.17092931147985715,0.19118797916191363
0.1164517063475152,0.19079206594393053,0.32163584813833945,0.31692424875905856
0.3571004388731822,0.23912689789689912,0.5459657952480993,0.44785494839579887
0.30287216352477375,0.16901967008248464,0.46178865597180246,0.596628522409461
0.376527209736806,0.3622243803157793,0.6067560237799213,0.6083134789492738
0.37406535552902526,0.31905679274809573,0.5711486941357587,0.5813229987613572
0.25555895635517406,0.2526288741881957,0.4645094413142986,0.5370401973187323
0.31729737037145,0.2670819348281665,0.51995101984233,0.4921207861684577
0.2842555615348624,0.22246696975222707,0.4917272031394696,0.560568889731757
0.4892323812082179,0.47327100845246595,0.6797144341669892,0.7188561996446022
0.17521803899614014,0.1605664518161621,0.3426402645450768,0.35413677768250423
0.49023920175551117,0.38000923279386895,0.5609557395140261,0.6417185853765016
0.5787805708693302,0.48616034253998264,0.7134691618018474,0.8123376244990104
0.30149517237128787,0.2506792550702226,0.5289520620041036,0.572142173687282
0.10183669948935176,0.10514850957708813,0.2751027366344427,0.32405915984776373
0.2427021618617231,0.2027928919284178,0.43985960336264635,0.3875991001641818
0.34768651705224557,0.2642543272235534,0.5533657126358877,0.5226776914647545
0.39507719052164003,0.3046811614386936,0.5323007313958988,0.46746655064849646
0.23186709699937733,0.17510532511141855,0.3644950297737124,0.35553746249059115
0.2649666586501461,0.1489854838170839,0.39626549671425826,0.4235347894524575
0.48227676206214987,0.34891399328243317,0.6713595238387298,0.8058823273012603
0.2929706997297369,0.28467447160898723,0.5613095279802952,0.5753368503093094
0.1621507314842217,0.17427403545516346,0.36150040371920034,0.3552760394370348
0.27802336222048235,0.24460385634824225,0.5220620810969662,0.5725356791627413
0.5436846931005033,0.5231093601894613,0.6947894599921122,0.7055934895913796
0.06639429875414413,0.08698193377858744,0.23362053627126647,0.17062099011022547
0.13789052383651978,0.11940865805292951,0.3170120729065113,0.26615896833445024
0.13839519825425078,0.128051274471856,0.2983010165285718,0.3149074878645859
0.09735122003570319,0.11299426350626077,0.2995072150999053,0.208823646993504
0.08633589914143479,0.097719503368541,0.24702253254626244,0.2009905390294594
0.251630204257612,0.19864807743152293,0.4262392650335522,0.36696112034025197
0.20011355613430504,0.14819656979605644,0.34942925418837056,0.27838083230508176
0.14766178449222614,0.16876054937268412,0.32690789525546,0.3174061357352725
0.36974915315294427,0.3570631357954863,0.6154446628397654,0.5863911217131471
0.169667799267365,0.1253613684327619,0.34635022693744727,0.2822563985269369
0.16619129856790887,0.1144657584293746,0.3389096541465265,0.3638007687462624
0.03364119951367306,0.02569996400865678,0.10663841111630545,0.09427423517021105
0.12305583660291362,0.09835749598650541,0.29981825283546737,0.18236980195398278
0.32685109455239336,0.2633782499745056,0.5113215735519587,0.47083772655418193
0.12414704354396966,0.08011145186485383,0.2538098599505333,0.29630819510709844
0.216404052387442,0.21013026428841572,0.4874039107545565,0.366558997984887
0.18313929616816824,0.15692282598268772,0.32092556528795996,0.23550098482691625
0.22396246809943055,0.20463892044727147,0.3979758580580225,0.38924085206457926
0.1339652665761848,0.12708749131510227,0.2251488619377042,0.23254160192192186
0.23624630433056912,0.21793830656970412,0.44966750206641615,0.4555079453317972
0.27360517110548765,0.28297179996624183,0.47591840480919106,0.5226004664191051
0.22318937127931432,0.18816119915585566,0.42201306656161824,0.3433623934258301
0.12839399663361087,0.10775728998923005,0.28169261265909196,0.24774414431055689
0.27162403207421065,0.14811634719532613,0.4166589792262336,0.4231886956500624
0.6950722340084761,0.5456930782183872,0.7996067629829949,0.792169839150382
0.035222133019024986,0.023357510275691783,0.09641286856716344,0.07287808363189405
0.10118128223514201,0.06792816601646798,0.22493520898889813,0.22435864972152597
0.06969507095697454,0.042507885499756426,0.16574634984082137,0.14637188234502213
0.29688470981406373,0.19231478818719805,0.4868497498491179,0.44973650827238804
0.408680352385784,0.2983838175057886,0.5724595778477918,0.5440087036425585
0.3678579631480436,0.23765125132357504,0.5256067640112715,0.6336139738952441
0.15361234484311984,0.08512721520364316,0.31893120605532416,0.25272047665413927
0.1779989711003022,0.0825006728907815,0.22091074137142575,0.18615274565039958
0.06014641998628221,0.03548943604688739,0.14983530753995403,0.13545710644611192
0.06462715834961846,0.047444127996606245,0.15239620094401318,0.13365547436920816
0.11960194447244317,0.0714841630429896,0.2220293433807589,0.24036841978604337
0.2910174151270952,0.19771600594832275,0.5009485326583688,0.407820132512947
0.20841155857556934,0.11378318838003733,0.35529689809016657,0.3785469329149461
0.19059651534242747,0.10999459368619131,0.32243607792861384,0.37489483984932326
0.7846762828355075,0.6036397399387169,0.8556918843374206,0.8607356612501209
0.18152479793065937,0.12439616906297946,0.3480674246189487,0.42739220025341923
0.173153061212874,0.11639129223225,0.3606223033997891,0.21131206836152894
0.1942958263575536,0.11717828797223005,0.3492228364025041,0.3864741176436344
0.14194281036396242,0.10516982265459737,0.3018356784124833,0.30682077245585376
0.28698358272118185,0.22000211225447602,0.5254530639934425,0.4927234363230108
0.5974655149703805,0.425690542372734,0.7127434116217607,0.6232656294174433
0.03843459843462947,0.02914734055425561,0.09766198375699446,0.12347878349749922
0.09437385402246405,0.07378375973778137,0.22295634376698573,0.16753846001166894
0.16828810587341672,0.11568637166500771,0.3226936053216652,0.24698807855447114
0.08192055848069191,0.05516597304439555,0.17429461507528865,0.08342139168050192
0.32215515720656596,0.17257420211436025,0.4655864683615568,0.6072731278614989
0.11986361699527043,0.09014252384714715,0.2584125616490542,0.19321495453313398
0.16255198155231157,0.11258379669442735,0.3364525283280981,0.2361879286956985
0.24486657101810835,0.17362294753130253,0.429489685088867,0.32769882483061363
0.40362996344775554,0.2948708869431765,0.5941192616733756,0.5387621546993497
0.3085035020025957,0.20167151792039456,0.4833530889479439,0.6003365932616193
0.024361168964838906,0.03860822710011882,0.09581355598756452,0.10085295147381368
0.21223840497150795,0.2835282592994106,0.4299576029295873,0.38830918638583845
0.050060988258649665,0.08024668294687133,0.18961361092185522,0.10892556630517823
0.05450678564290902,0.0877044266764351,0.18363310554766912,0.14053180682247865
0.05630159889829968,0.07433511811986092,0.15936890692542577,0.11350120553986925
0.06606635502044016,0.07430341403919855,0.16292997248675845,0.13383858188094377
0.05856028557669246,0.06491928444224615,0.15303228524180731,0.14965973676267186
0.09961471203274004,0.10326476568273359,0.22033892238421277,0.21218370675267767
0.07494778725885232,0.07245476998761981,0.17643949259820813,0.1582719314003279
0.09360257772568589,0.09548234441185456,0.18158067716251702,0.18974895230179145
0.4116256360469368,0.4122829049758834,0.5645249738844483,0.6894952225311858
0.07421965805723829,0.0941807080206378,0.21129973438692914,0.14164875379949932
0.07737034470815916,0.11431096179756514,0.21475952443732008,0.2435860337408202
0.09980614915859752,0.12337711316965533,0.2269881914219004,0.20348810864484942
0.13836104801163157,0.13918515641960277,0.38337792873833526,0.4058090716565229
0.15183566915817673,0.08653655475882974,0.2805689122252961,0.2086968035204075
0.2264328104372905,0.2226271503766309,0.41718003203332865,0.49985811091968385
0.0626998313904731,0.06748223096210397,0.17320421813802564,0.1280015458498898
0.23350878253522458,0.1579611818496303,0.32080672891029033,0.28933721792402567
0.06894287204168853,0.06913480244445074,0.18047812980531128,0.1596745742852233
0.0940313990674385,0.05855671662003533,0.20298056743690263,0.13248072007503467
0.21826997852151653,0.2750827688389765,0.46273484213916893,0.30356057965811756
0.018179623536492825,0.03368768997026351,0.08234493150803832,0.07584767458110407
0.025416983160969357,0.04435054588067832,0.07975752993844443,0.05838467509414155
0.13358400632300926,0.19999467969528126,0.320747012050768,0.2747411137753896
0.1378848496217143,0.18566455117089417,0.3142640078505416,0.2221416067027807
0.028873165043781707,0.05529225240595483,0.11713016456240431,0.07522778195629452
0.022118611777148862,0.034402175898156744,0.0630927882007043,0.05038103365856916
0.10273473047101704,0.13708326765664014,0.25939600562672244,0.18867217059609087
0.03491589727306398,0.0578824463820924,0.09160564214631396,0.09559567780919836
0.05764270118873359,0.0755110583206585,0.14252772169033143,0.12866361065914858
0.11791928586142378,0.14561678360758862,0.255017888981509,0.26022688429696156
0.06920875277578636,0.08915981845577992,0.17424185414691207,0.16866214492440362
0.040627963896954764,0.07070543421152162,0.1348139974562055,0.09920166301152021
0.036439558802927666,0.08070932129132471,0.16720827823147244,0.09844890789255797
0.15296352631746646,0.2602251361956792,0.38902156203522553,0.3441776404515308
0.11465678612913399,0.13556979904834,0.24029635699730134,0.1973094160848182
0.0305478138039171,0.04818716163195189,0.09652302736188872,0.05134682501785571
0.07172135914568871,0.12622775979675996,0.23391037488425498,0.16195424776482306
0.09971462664561452,0.17662124474492708,0.3264692156206697,0.26455684869085294
0.1636820248691795,0.24120052790456384,0.3835819091767831,0.37218018918158086
0.29045784298125443,0.43228625883684224,0.6270307599654313,0.552119253131728
0.06557019789147221,0.12630524072040408,0.22115373975788924,0.13937756357314832
0.041727604474467044,0.0713763482835375,0.14837441244233865,0.08934301144622683
0.11431850267157578,0.15666958303456516,0.2637909128275153,0.18834798767180394
0.12707163246692094,0.15979791963211637,0.2705877553503827,0.19623714017087393
0.33838385780481745,0.29466287605349095,0.4808999408289677,0.496675523621725
0.1484834850413275,0.2038784645768963,0.36524183384652975,0.3132024304104644
0.18754094685091569,0.20332477236655597,0.35395701378189,0.4354319370175136
0.03875051202496996,0.04482526931204136,0.08916200432129141,0.09594421856810191
0.13353827515619313,0.1540701793183033,0.2930953459099005,0.34651163313793765
0.0429330162852891,0.048397403342487086,0.13802029719409237,0.1055941199159075
0.05850510533445165,0.07938826517259276,0.1727547419935711,0.14937206358923744
0.12854919766964235,0.1374024152893656,0.2354227116634883,0.23048005949969563
0.05074145637251831,0.06711255657627185,0.14544443490549566,0.08339125098453082
0.17558569675877214,0.18345466842088798,0.3624495687714177,0.41265504417706256
0.13584623547010885,0.135736404343539,0.32291666469921176,0.3631277965310939
0.16855988689870616,0.16761093541528996,0.27756269088187235,0.31987851592156186
0.15332753627777443,0.1262153096424511,0.2854983314946363,0.31633094540316753
0.07211251485610667,0.09167524530423657,0.21202063548531697,0.25085951000996554
0.08279482687889683,0.14505025774749294,0.2585376183968886,0.31067493758845466
0.059751954693072096,0.07988736741536545,0.14780578944456954,0.1672005326284376
0.10411010768989233,0.08489733139136998,0.2367981927023732,0.21328563735662373
0.05751369902342554,0.08244490163259319,0.16229466722202643,0.19895247480167877
